-0.1289332,-0.1469125,-0.06833319,0.9783268
0.3443135,-0.3517715,-0.3539516,0.7952505
0.2606424,-0.3721183,-0.3305685,0.827235
0.2160369,-0.3805042,-0.3148975,0.8422495
0.1703057,-0.3828185,-0.2975201,0.8578624
0.1433626,-0.3811762,-0.2864669,0.8672304
0.1124374,-0.3762436,-0.2728645,0.8782616
0.09146948,-0.3712457,-0.2629544,0.8858132
0.07099123,-0.3646294,-0.2526643,0.8934016
0.05328971,-0.3576083,-0.2431994,0.9000725
0.04768643,-0.3551005,-0.2400811,0.9022143
0.04379198,-0.3532793,-0.2378754,0.9037098
0.03487894,-0.3488519,-0.232707,0.9071566
0.03947701,-0.3511983,-0.2353958,0.9053673
0.05937829,-0.3600555,-0.2465165,0.8978106
0.09132122,-0.3711795,-0.2628827,0.8858774
0.1177073,-0.3773937,-0.2752556,0.8763295
0.1421809,-0.3810247,-0.2859694,0.8676555
0.1712741,-0.3828261,-0.2979057,0.8575322
0.1978733,-0.3821716,-0.3081816,0.8484192
0.2105654,-0.3811105,-0.3128973,0.8441045
0.2141919,-0.3807104,-0.3142269,0.8428777
0.2255334,-0.3792209,-0.3183264,0.8390437
0.2328357,-0.3780554,-0.320926,0.8365813
0.2390166,-0.3769412,-0.3231037,0.8345001
0.2567727,-0.3730628,-0.3292562,0.8285423
0.2855532,-0.3648339,-0.3388898,0.8188463
0.3121589,-0.3547928,-0.347558,0.8098657
0.3488504,-0.3370627,-0.3592099,0.7972831
0.3500921,-0.3363733,-0.3596026,0.7968528
0.3192394,-0.3519005,-0.3497691,0.8074119
0.239057,-0.376904,-0.3231311,0.8344947
0.1284744,-0.3792404,-0.2800514,0.872492
0.07978974,-0.3677663,-0.257165,0.890083
0.09091732,-0.3709398,-0.2626901,0.8860766
0.1199959,-0.3778161,-0.276287,0.8755121
0.1231869,-0.3783823,-0.2777138,0.8743723
0.120336,-0.3778826,-0.2764391,0.8753887
0.1036779,-0.3743716,-0.2687941,0.8813889
0.07905781,-0.3674134,-0.2567977,0.8904001
0.0562928,-0.3588829,-0.2448461,0.8989353
0.0448326,-0.3537559,-0.2384671,0.9033163
0.03135412,-0.347016,-0.2306158,0.9085225
0.02001706,-0.3406257,-0.2236824,0.9129839
0.007183477,-0.3326173,-0.2154349,0.9180969
-0.001805753,-0.3264661,-0.2093773,0.9217255
0.001630478,-0.3289162,-0.2117274,0.9203168
0.02909884,-0.3457527,-0.2292568,0.9094226
0.06839319,-0.3636779,-0.2513105,0.8943734
0.1072131,-0.3752023,-0.2704461,0.8801066
0.1573921,-0.3823184,-0.2923062,0.8623326
0.2217052,-0.3797285,-0.3169611,0.8403504
0.2849818,-0.364991,-0.3387116,0.8190491
0.3082519,-0.3564107,-0.3462996,0.8111898
0.3197446,-0.3515165,-0.3499881,0.8072843
0.312934,-0.3544628,-0.3478088,0.8096033
0.299944,-0.3596727,-0.3436114,0.8140027
0.2877345,-0.3640649,-0.3396199,0.8181222
0.2745752,-0.3682767,-0.3352562,0.8225472
0.2574161,-0.3729465,-0.3294641,0.8283123
0.229909,-0.3785418,-0.3198881,0.8375677
0.1897704,-0.3826061,-0.3051075,0.8511811
0.1392449,-0.3806919,-0.2847205,0.868688
0.07831041,-0.3670962,-0.2564212,0.8907053
0.03009474,-0.3463241,-0.2298593,0.9090208
0.01363815,-0.3367979,-0.2196435,0.9154987
0.03152639,-0.3470962,-0.2307152,0.9084606
0.08214982,-0.3683726,-0.2583527,0.8892733
0.1438341,-0.3812064,-0.2866686,0.8670724
0.2046131,-0.3816651,-0.3107014,0.8461264
0.2568063,-0.3730902,-0.3292581,0.8285187
0.2740026,-0.3684604,-0.3350605,0.8227357
0.256691,-0.3731163,-0.3292179,0.8285587
0.2250467,-0.3792951,-0.3181515,0.8392073
0.2042981,-0.3817096,-0.3105792,0.8462273
0.1994503,-0.3820767,-0.3087716,0.8478779
0.1965705,-0.3822638,-0.3076888,0.8488593
0.1885292,-0.3826443,-0.3046352,0.8516088
0.1577836,-0.3823353,-0.2924682,0.8621986
0.1164702,-0.3771301,-0.2746989,0.8767828
0.07886422,-0.3673505,-0.256699,0.8904716
0.05425597,-0.3580156,-0.2437303,0.8997092
0.04006968,-0.3514907,-0.2357389,0.9051386
0.04534803,-0.3540106,-0.23876,0.9031133
0.05738939,-0.3593423,-0.2454422,0.8985197
0.06850921,-0.3637214,-0.2513705,0.8943299
0.07631136,-0.3664998,-0.255402,0.891417
0.0843944,-0.3691216,-0.2594745,0.8884256
0.09838626,-0.3730793,-0.2662885,0.883302
0.1225582,-0.3782578,-0.277435,0.8746029
0.1516888,-0.3819266,-0.2899565,0.8643193
0.1789114,-0.382872,-0.3009117,0.8548988
0.2085233,-0.3813161,-0.3121458,0.8447965
0.2396611,-0.3768314,-0.3233256,0.8342788
0.2629919,-0.3715058,-0.3313673,0.8264469
0.2726964,-0.3688496,-0.3346228,0.8231733
0.2470571,-0.3753183,-0.325905,0.8317962
0.2051426,-0.3816232,-0.3108958,0.8459457
0.1683358,-0.3827998,-0.29673,0.8585328
0.1338471,-0.379996,-0.2823973,0.8705973
0.1049734,-0.374698,-0.2694005,0.8809116
0.09018379,-0.3708476,-0.2623279,0.8862974
0.08405843,-0.3690175,-0.259306,0.8885498
0.08550867,-0.3694602,-0.2600272,0.8880165
0.08270302,-0.3685901,-0.2586304,0.8890512
0.07775185,-0.3669886,-0.2561351,0.8908809
0.06582209,-0.3626715,-0.2499584,0.8953534
0.04311872,-0.3529575,-0.2374913,0.9039689
0.02358026,-0.3427013,-0.225895,0.9115763
0.01259465,-0.3361092,-0.2189687,0.9159284
0.004534613,-0.3308416,-0.2136732,0.9191665
0.003121171,-0.3298907,-0.2127268,0.9197335
0.002708353,-0.3296091,-0.212449,0.9199
0.001285896,-0.3286235,-0.2114862,0.9204774
0.009644508,-0.3342286,-0.2170525,0.9171076
0.01976424,-0.3405004,-0.2235267,0.9130743
0.04210408,-0.3524668,-0.23691,0.9043606
0.0759981,-0.3664604,-0.2552426,0.8915057
0.08790126,-0.3702154,-0.2612067,0.8871217
0.1396047,-0.3805744,-0.2848912,0.8686257
0.1556057,-0.3821974,-0.2915755,0.8629575
0.1116429,-0.3762528,-0.272487,0.8784762
0.1035078,-0.3743497,-0.2687131,0.881443
0.0974348,-0.372834,-0.2658336,0.883648
0.09296872,-0.3716314,-0.2636838,0.8852783
0.07857464,-0.3672639,-0.2565522,0.8905752
0.07833456,-0.3671764,-0.2564314,0.8906673
0.08326427,-0.3687786,-0.2589107,0.888839
0.1011252,-0.3737722,-0.2675892,0.882306
0.1157826,-0.3770141,-0.2743838,0.8770223
0.1328613,-0.3798789,-0.2819675,0.8709387
0.1333791,-0.3799506,-0.2821929,0.8707553
0.1321101,-0.3797746,-0.2816407,0.8712042
0.1185328,-0.3775543,-0.2756278,0.8760321
0.102916,-0.3742145,-0.2684348,0.8816544
0.07610624,-0.3664084,-0.2552976,0.891502
0.05065163,-0.3564372,-0.2417389,0.9010823
0.04783215,-0.3551466,-0.240162,0.9021668
0.06826165,-0.3636485,-0.2512414,0.8944148
0.09712934,-0.372746,-0.2656874,0.8837627
0.133082,-0.3799115,-0.2820632,0.8708598
0.1643705,-0.3826785,-0.2951384,0.8599027
0.1680691,-0.3827844,-0.2966246,0.8586285
0.1490591,-0.3816867,-0.2888654,0.8652476
0.1257055,-0.3788028,-0.2788308,0.8734758
0.1065157,-0.3750613,-0.2701204,0.8803512
0.09108979,-0.3710947,-0.2627707,0.8859701
0.07917951,-0.3674615,-0.2568589,0.8903517
0.06578109,-0.3626937,-0.2499373,0.8953533
0.05164114,-0.3568745,-0.2422882,0.9007054
0.04386145,-0.3533179,-0.2379154,0.9036807
0.03858022,-0.3507292,-0.2348744,0.9057232
0.03603998,-0.3494493,-0.2333906,0.9067056
0.06602381,-0.3626155,-0.2500622,0.8953323
0.03467182,-0.3488022,-0.2325885,0.9072141
0.04642077,-0.3545112,-0.2393668,0.9027017
0.0465453,-0.3545705,-0.2394376,0.9026533
0.03785882,-0.350372,-0.2344542,0.9060007
0.03176117,-0.3472212,-0.2308573,0.9083686
0.03520771,-0.3490293,-0.2329016,0.9070258
0.04936824,-0.3558621,-0.241023,0.9015725
0.06833477,-0.363652,-0.2512794,0.8943971
0.09272934,-0.371566,-0.2635675,0.8853654
0.1225212,-0.3782799,-0.2774155,0.8746047
0.1611185,-0.3825096,-0.2938278,0.8610415
0.2008751,-0.3819638,-0.3093077,0.847397
0.2448445,-0.3757741,-0.3251399,0.8325437
0.2867694,-0.3643625,-0.3393124,0.8184562
0.3017428,-0.3589849,-0.3441949,0.8133947
0.2781394,-0.367185,-0.3364459,0.8213512
0.2722623,-0.3689509,-0.3344848,0.8233275
0.2910853,-0.3628979,-0.3407241,0.8169955
0.2934397,-0.362073,-0.3414911,0.8161986
0.2774819,-0.3673558,-0.3362377,0.8215825
0.2508321,-0.3745027,-0.3272045,0.8305229
0.2449008,-0.3757918,-0.3251511,0.8325148
0.2211342,-0.3798472,-0.3167452,0.8405285
0.2179348,-0.3802111,-0.3156012,0.8416293
0.1732347,-0.382836,-0.2986855,0.8568625
0.137985,-0.3805594,-0.2841778,0.8691247
0.1073461,-0.3752433,-0.2705078,0.8800539
0.08115803,-0.3681124,-0.2578558,0.8896163
0.06999007,-0.3642738,-0.2521442,0.8937726
0.07162368,-0.3648569,-0.2529926,0.8931653
0.07732227,-0.3668362,-0.2559173,0.8910436
0.07899652,-0.3673947,-0.2567668,0.890422
0.07403225,-0.3657042,-0.2542352,0.8922691
0.07339912,-0.3654867,-0.25391,0.8925031
0.07168423,-0.3648786,-0.2530239,0.8931427
0.06574777,-0.3626799,-0.2499197,0.8953662
0.07793125,-0.3670382,-0.2562266,0.8908185
0.09479503,-0.3721212,-0.2645666,0.8846153
0.1048379,-0.3746661,-0.2693363,0.880961
0.1128634,-0.3764429,-0.2730519,0.8780634
0.1253473,-0.378713,-0.2786757,0.8736157
0.148581,-0.3816548,-0.2886643,0.865411
0.1644389,-0.3826521,-0.2951711,0.8598903
0.1594422,-0.3824212,-0.2931461,0.861625
0.1549167,-0.3821524,-0.291292,0.8631971
0.1593842,-0.3824241,-0.2931212,0.8616428
0.1698402,-0.382809,-0.297334,0.8580233
0.1807173,-0.3828559,-0.301615,0.8542781
0.1822197,-0.3828464,-0.3021967,0.8537574
0.1651993,-0.3826894,-0.2954754,0.8596233
0.1268343,-0.3789831,-0.2793299,0.8730749
0.09461781,-0.3721008,-0.2644802,0.8846686
0.0745105,-0.3658731,-0.2544804,0.8920901
0.07530452,-0.3661484,-0.2548876,0.8917942
0.08635534,-0.3697173,-0.2604462,0.8877047
0.0958595,-0.3724192,-0.2650783,0.8842219
0.1026397,-0.3741446,-0.2683049,0.8817559
0.09708602,-0.372734,-0.2656674,0.8837785
0.09208149,-0.3713842,-0.263253,0.8856029
0.09157267,-0.3712417,-0.2630051,0.8857892
0.1031187,-0.3742403,-0.2685313,0.8815904
0.116282,-0.3771261,-0.2746101,0.8768372
0.130035,-0.3794749,-0.2807359,0.8719387
0.1473977,-0.381546,-0.2881697,0.8658261
0.167461,-0.382749,-0.2963844,0.8588459
0.1784814,-0.3828737,-0.3007437,0.855047
0.1799151,-0.382861,-0.3013038,0.8545548
0.1784773,-0.382868,-0.3007427,0.8550507
0.1843464,-0.3827869,-0.3030229,0.8530344
0.1798697,-0.3828616,-0.3012855,0.8545706
0.1739484,-0.3828683,-0.2989628,0.8566067
0.1442542,-0.3812298,-0.2868493,0.8669326
0.1047327,-0.3745973,-0.2692902,0.8810169
0.07440394,-0.3658311,-0.2544264,0.8921316
0.06358249,-0.361844,-0.2487726,0.8961799
0.06370254,-0.3618809,-0.248836,0.8961389
0.07211623,-0.3650369,-0.2532475,0.8929799
0.07494892,-0.3660273,-0.2547057,0.8919259
0.07183873,-0.3649336,-0.2531041,0.8930851
0.08311868,-0.3687077,-0.2588385,0.8889031
0.110673,-0.3759768,-0.2720461,0.8788537
0.1492249,-0.3817106,-0.288933,0.8651859
0.1939253,-0.3824152,-0.3066888,0.8497609
0.2350765,-0.3776919,-0.3217111,0.8358168
0.2657698,-0.3707453,-0.3323125,0.8255198
0.2725751,-0.3689142,-0.3345727,0.8232049
0.230067,-0.3785159,-0.3199436,0.8375148
0.1312357,-0.3793939,-0.2812796,0.8716187
0.06065679,-0.3609889,-0.2472087,0.8971597
0.0713424,-0.3647921,-0.252846,0.8932558
0.1144524,-0.3767579,-0.2737786,0.8774961
0.1143398,-0.376725,-0.2737282,0.8775406
0.1291003,-0.3793324,-0.2803271,0.8722711
0.1309962,-0.3796163,-0.2811558,0.8715979
0.1292538,-0.3793585,-0.2803943,0.8722153
0.1214237,-0.3780784,-0.2769261,0.875
0.1238096,-0.3784894,-0.2779904,0.87415
0.1354901,-0.3802486,-0.2831041,0.8700032
0.1610618,-0.3825074,-0.293804,0.8610612
0.1819807,-0.3828126,-0.3021106,0.8538541
0.1987487,-0.3821382,-0.3085051,0.848112
0.2007556,-0.38199,-0.3092584,0.8474314
0.1846496,-0.3827782,-0.3031404,0.852931
0.1745992,-0.3828728,-0.2992198,0.8563825
0.1737918,-0.382881,-0.2988987,0.8566551
0.1986789,-0.3820941,-0.3084891,0.848154
0.2114939,-0.3810129,-0.3132386,0.8437897
0.2406507,-0.3766479,-0.3236699,0.8339433
0.2576163,-0.3728762,-0.3295381,0.8282522
0.2728021,-0.3687983,-0.3346636,0.8231446
0.2851081,-0.3649497,-0.3387541,0.8190059
0.2706746,-0.3693977,-0.333957,0.8238649
0.2467274,-0.3754079,-0.3257853,0.8319004
0.2181333,-0.3802219,-0.3156645,0.8415493
0.1919067,-0.3825167,-0.3059216,0.8504498
0.1775428,-0.3828831,-0.3003753,0.8553676
0.1773185,-0.3828761,-0.300289,0.8554476
0.1815374,-0.3828404,-0.3019353,0.8539978
0.1773826,-0.3828772,-0.3003134,0.8554253
0.166824,-0.3827351,-0.2961281,0.8590645
0.1551453,-0.3821581,-0.291387,0.8631214
0.1406629,-0.3808715,-0.2853224,0.8681831
0.1218292,-0.3781469,-0.2771078,0.8748565
0.09940369,-0.3733336,-0.2667735,0.8829342
0.07596913,-0.3663591,-0.2552278,0.891554
0.06839423,-0.3636852,-0.2513106,0.8943703
0.07514188,-0.3660942,-0.2548046,0.8918539
0.07836299,-0.3671845,-0.2564453,0.8906574
0.08121239,-0.3681145,-0.2578837,0.8896023
0.08451957,-0.3691569,-0.2595365,0.8883808
0.08780755,-0.3701519,-0.2611627,0.8871705
0.07649988,-0.3665633,-0.2554978,0.8913473
0.0648523,-0.3623183,-0.2494456,0.89571
0.05632833,-0.358901,-0.2448649,0.8989207
0.05330681,-0.3576056,-0.2432095,0.9000698
0.05500138,-0.3583353,-0.2441403,0.8994254
0.05876297,-0.3599134,-0.2461873,0.8979983
0.07032125,-0.3643787,-0.2523166,0.8936551
0.06311788,-0.3616615,-0.2485247,0.8963552
0.03784214,-0.3504197,-0.234448,0.9059846
0.05072917,-0.3564804,-0.241779,0.9010502
0.1099889,-0.3758419,-0.2717267,0.8790961
0.1953731,-0.3823353,-0.3072366,0.8492671
0.2935336,-0.3620777,-0.3415115,0.8161542
0.3707558,-0.3241716,-0.3660581,0.7895913
0.4281639,-0.2804492,-0.3841573,0.7684056
0.4407123,-0.2687856,-0.3881532,0.7634553
0.4173193,-0.2899486,-0.380685,0.7725628
0.398125,-0.3052548,-0.3746256,0.7797253
0.3968443,-0.3062057,-0.3742282,0.7801961
0.3786696,-0.3189948,-0.3685479,0.7867809
0.3628724,-0.3290072,-0.3636048,0.7923821
0.3588379,-0.3313998,-0.3623434,0.793799
0.3498679,-0.3365094,-0.3595271,0.7969279
0.3301343,-0.346695,-0.3533,0.8037369
0.2868143,-0.3643461,-0.3393266,0.8184417
0.2323169,-0.3781025,-0.3207523,0.8367708
0.1922542,-0.3824973,-0.3060546,0.8503322
0.1718837,-0.382845,-0.2981464,0.8573182
0.1624802,-0.3825722,-0.2943796,0.8605691
0.1578109,-0.3823486,-0.2924772,0.8621846
0.1420267,-0.3810014,-0.2859048,0.8677123
0.1203433,-0.3778825,-0.2764425,0.8753868
0.1044111,-0.3745594,-0.269137,0.8811179
0.08711671,-0.3699456,-0.2608226,0.8874246
0.07575891,-0.3663078,-0.2551199,0.8916238
0.0660817,-0.3628084,-0.2500958,0.8952404
0.05198453,-0.3570306,-0.2424786,0.9005725
0.04325393,-0.3530211,-0.2375683,0.9039173
0.04290309,-0.3528517,-0.2373676,0.9040529
0.04185489,-0.3523458,-0.2367666,0.9044568
0.04727706,-0.3549061,-0.2398503,0.9023737
0.06781715,-0.3634104,-0.2510086,0.8946107
0.08626786,-0.3697091,-0.2604026,0.8877295
0.1055857,-0.3748407,-0.2696873,0.88069
0.1236055,-0.3784667,-0.2778984,0.874218
0.1304552,-0.3795288,-0.2809209,0.8717929
0.1325791,-0.3798423,-0.2818452,0.8710373
0.1365512,-0.3803703,-0.2835633,0.8696345
0.1552237,-0.3821789,-0.2914174,0.8630879
0.1664465,-0.3827209,-0.2959777,0.8591958
0.1604027,-0.3824637,-0.2935383,0.8612942
0.1611562,-0.3825111,-0.2938429,0.8610286
0.1547809,-0.3821406,-0.2912356,0.8632457
0.1514833,-0.3819026,-0.2898724,0.8643941
0.1487969,-0.3816844,-0.2887532,0.8653312
0.1334869,-0.3799666,-0.2822395,0.8707166
0.1062491,-0.3749076,-0.2700019,0.8804853
0.0608611,-0.360727,-0.2473157,0.8972217
0.04518624,-0.354006,-0.2386712,0.9031467
0.07605109,-0.3664065,-0.2552694,0.8915156
0.1002988,-0.373588,-0.2671968,0.8825973
0.1161793,-0.3770723,-0.2745665,0.8768877
0.121865,-0.3781558,-0.2771236,0.8748425
0.1175223,-0.3773586,-0.2751724,0.8763955
0.09735368,-0.3728178,-0.2657945,0.8836756
0.08793342,-0.3701955,-0.2612246,0.8871216
0.08201146,-0.3683681,-0.2582842,0.8893077
0.07958789,-0.3675881,-0.2570653,0.8902035
0.07656538,-0.3665816,-0.2555323,0.8913243
0.07547136,-0.3662084,-0.2549733,0.891731
0.07980066,-0.3676589,-0.2571724,0.8901243
0.09183478,-0.3713146,-0.2631336,0.8856933
0.1073485,-0.3752477,-0.2705079,0.8800517
0.123009,-0.3783376,-0.2776355,0.8744416
0.1340054,-0.3800687,-0.2824604,0.8705208
0.1624976,-0.3825729,-0.2943863,0.8605633
0.1876118,-0.3826832,-0.3042822,0.85192
0.2110888,-0.3810617,-0.3130884,0.8439249
0.2245699,-0.3793623,-0.3179811,0.8393691
0.2267501,-0.3790384,-0.318762,0.8386329
0.2451992,-0.3757221,-0.3252575,0.8324168
0.2480626,-0.3750999,-0.3262537,0.8314587
0.2590421,-0.3725402,-0.3300191,0.8277671
0.2762724,-0.3677588,-0.3358243,0.8219787
0.2890509,-0.363611,-0.3400535,0.8176798
0.3099874,-0.3556947,-0.3468606,0.8106028
0.3348356,-0.3443901,-0.3547913,0.8021246
0.3588945,-0.3313637,-0.3623618,0.79378
0.3546139,-0.3338376,-0.3610201,0.7952773
0.3348638,-0.3443593,-0.3548066,0.8021192
0.3118889,-0.3549155,-0.3474684,0.8099545
0.285224,-0.364911,-0.3387917,0.8189672
0.2545531,-0.3736211,-0.3284889,0.8292798
0.2158544,-0.380519,-0.3148328,0.8423138
0.1726755,-0.3828563,-0.2984599,0.8570449
0.1281822,-0.3791946,-0.2799233,0.872596
0.08657366,-0.3698116,-0.2605537,0.8876126
0.05838863,-0.3597467,-0.2459842,0.8981453
0.03927459,-0.3510848,-0.2352782,0.9054508
0.02613563,-0.3441471,-0.2274625,0.9105715
0.01604952,-0.3382388,-0.2211797,0.9145581
0.00467743,-0.3309553,-0.2137712,0.9191021
-0.004940953,-0.3241884,-0.2072018,0.9230086
-0.01025581,-0.3202244,-0.2034454,0.9251817
-0.01420181,-0.3171606,-0.2005938,0.9268062
-0.01265757,-0.318371,-0.2017152,0.92617
-0.01227742,-0.3186666,-0.2019909,0.9260132
-0.01372986,-0.3175312,-0.2009378,0.9266118
-0.003167778,-0.3254246,-0.2084256,0.9223056
0.03314938,-0.3480971,-0.2316905,0.9077715
0.09960905,-0.3733208,-0.2668688,0.8828877
0.1898541,-0.3826066,-0.305139,0.8511508
0.2748816,-0.3681683,-0.3353652,0.822449
0.3566874,-0.3326077,-0.3616883,0.7945614
0.4160074,-0.2910407,-0.380275,0.7730615
0.4417073,-0.2678166,-0.3884745,0.7630574
0.4497501,-0.2597566,-0.3910917,0.7598017
0.4549869,-0.2542881,-0.3928108,0.7576438
0.4463462,-0.263206,-0.3899863,0.7611887
0.4313558,-0.2776206,-0.3851436,0.7671528
0.4009674,-0.3030978,-0.3755209,0.7786789
0.3479622,-0.3374295,-0.3589796,0.7976197
0.2803257,-0.366523,-0.3371647,0.8206086
0.2144328,-0.3806874,-0.3143135,0.8427945
0.1789809,-0.3829103,-0.3009322,0.8548599
0.1857774,-0.3827482,-0.303575,0.8525448
0.1854318,-0.3827575,-0.3034429,0.8526631
0.1846236,-0.3827784,-0.3031304,0.8529401
0.1785684,-0.3828707,-0.3007785,0.855018
0.1687561,-0.3827839,-0.2969025,0.8583978
0.1599045,-0.3824497,-0.2933339,0.8614627
0.1515463,-0.3819053,-0.2898993,0.8643729
0.1338348,-0.3800139,-0.2823902,0.8705937
0.11843,-0.3775344,-0.2755815,0.876069
0.1041238,-0.3744989,-0.2690024,0.8812188
0.08839839,-0.3703257,-0.261453,0.8869537
0.07528807,-0.3661432,-0.2548793,0.8918
0.06713009,-0.363209,-0.2506482,0.8948454
0.06439951,-0.3621615,-0.2492062,0.8958727
0.06514142,-0.3624475,-0.2495989,0.8955941
0.07563943,-0.3662646,-0.2550597,0.8916689
0.07623305,-0.3664574,-0.2553622,0.8914526
0.06060759,-0.3606846,-0.2471824,0.8972927
0.08457823,-0.369175,-0.2595654,0.8883592
0.145741,-0.3813989,-0.2874738,0.8664025
0.220203,-0.3799392,-0.3164163,0.8408553
0.308864,-0.356056,-0.3465345,0.8110123
0.3760657,-0.3207142,-0.3677335,0.7877112
0.4196674,-0.2880094,-0.3814042,0.771661
0.4348677,-0.2743837,-0.3862601,0.765772
0.4258944,-0.2825659,-0.3833916,0.7692732
0.3963187,-0.3065846,-0.3740687,0.7803909
0.3598884,-0.3308029,-0.3626627,0.7934265
0.3394342,-0.3420642,-0.3562445,0.8005413
0.3250468,-0.3491315,-0.3516699,0.8054688
0.3572557,-0.3323195,-0.3618485,0.7943537
0.4185324,-0.2889363,-0.3810631,0.7720994
0.4805092,-0.2246444,-0.401518,0.7466116
0.5212708,-0.1649853,-0.4165781,0.7263052
0.5230662,-0.1618764,-0.4172994,0.7252993
0.4906456,-0.2116184,-0.4050024,0.7419283
0.4081001,-0.2969152,-0.3780493,0.7761278
0.3146598,-0.3537122,-0.3483674,0.8090224
0.2900233,-0.3632795,-0.3403713,0.8173506
0.3175206,-0.3524973,-0.3492775,0.8080418
0.3253887,-0.3489591,-0.3517839,0.8053558
0.3014297,-0.3590932,-0.3440979,0.813504
0.2721094,-0.3689968,-0.3344339,0.8233783
0.2325105,-0.3781486,-0.3208007,0.8366776
0.2155822,-0.3805474,-0.3147343,0.8424074
0.199472,-0.3820847,-0.308777,0.8478673
0.1771315,-0.3828782,-0.3002152,0.8555113
0.1644113,-0.3826582,-0.2951581,0.8598973
0.1709664,-0.382797,-0.2977873,0.8576477
0.1865239,-0.382759,-0.3038558,0.8522769
0.2184068,-0.3802058,-0.3157592,0.84145
0.2435483,-0.3760348,-0.324691,0.8329812
0.2762091,-0.3677692,-0.3358061,0.8220028
0.2997252,-0.359753,-0.3435414,0.8140774
0.3089983,-0.3561017,-0.3465416,0.8109381
0.3344084,-0.3445703,-0.3546689,0.8022795
0.2989849,-0.3600498,-0.3432945,0.8143224
0.290676,-0.3630543,-0.3405848,0.8171297
0.288499,-0.3638058,-0.339871,0.8178639
0.3036259,-0.3582246,-0.3448157,0.812766
0.3142563,-0.3539207,-0.3482267,0.8091484
0.335831,-0.3438193,-0.355135,0.8018011
0.3324895,-0.3455517,-0.3540466,0.8029296
0.3814064,-0.3172335,-0.3693706,0.7857846
0.3725881,-0.3229575,-0.3666506,0.7889511
0.3875437,-0.3128988,-0.3713329,0.7835919
0.3632401,-0.3287783,-0.3637227,0.7922546
0.3311179,-0.3462083,-0.3536165,0.8034029
0.2971452,-0.3607195,-0.3427013,0.814949
0.2762095,-0.367785,-0.3358008,0.8219978
0.2579964,-0.3727957,-0.3296643,0.82812
0.2350338,-0.3776387,-0.3217116,0.8358528
0.1998057,-0.3820711,-0.3088999,0.84775
0.1681226,-0.3827564,-0.2966512,0.8586212
0.1399313,-0.3807803,-0.2850113,0.8684435
0.1217497,-0.3781348,-0.2770718,0.8748841
0.1110391,-0.3760569,-0.272215,0.8787209
0.1075774,-0.3752954,-0.2706148,0.8799706
0.1093722,-0.3756925,-0.2714464,0.8793234
0.1086954,-0.375545,-0.271133,0.879567
0.1059223,-0.3749112,-0.2698444,0.8805714
0.09952577,-0.373372,-0.2668307,0.8828869
0.0965289,-0.3725956,-0.2654001,0.8839782
0.0929466,-0.3716257,-0.2636732,0.8852863
0.09397417,-0.3719082,-0.2641704,0.8849108
0.09786071,-0.3729433,-0.2660375,0.8834935
0.1012391,-0.3738002,-0.2676436,0.8822647
0.0929854,-0.3716393,-0.2636916,0.885271
0.09557252,-0.372335,-0.2649413,0.8843296
0.1142257,-0.3767102,-0.2736756,0.8775783
0.1346999,-0.3801302,-0.2827644,0.8702881
0.1357381,-0.3802657,-0.2832133,0.8699214
0.1328152,-0.379882,-0.2819471,0.870951
0.1441091,-0.3812244,-0.2867868,0.8669797
0.1572351,-0.3822994,-0.2922438,0.8623908
0.1700248,-0.3828115,-0.2974081,0.85796
0.177727,-0.3828795,-0.3004479,0.8553055
0.1770521,-0.3828788,-0.3001842,0.8555384
0.1728346,-0.3828571,-0.2985232,0.8569904
0.1758946,-0.3828802,-0.299729,0.8559359
0.182384,-0.3828126,-0.3022659,0.853713
0.1924567,-0.3824973,-0.3061296,0.8502594
0.2069925,-0.3814618,-0.3115803,0.8453158
0.2396961,-0.3767625,-0.3233546,0.8342887
0.286184,-0.3646506,-0.3390886,0.8186253
0.3379007,-0.3428223,-0.3557693,0.8010768
0.3924366,-0.3094316,-0.3728524,0.7818098
0.4364928,-0.2728519,-0.386783,0.7651306
0.4593472,-0.2496127,-0.3942446,0.7558206
0.451253,-0.258184,-0.3915942,0.7591875
0.4450294,-0.2645342,-0.3895537,0.7617207
0.4427985,-0.2667184,-0.3888419,0.7626224
0.4103199,-0.2957557,-0.3784606,0.7751991
0.3674198,-0.3262345,-0.3650261,0.7907778
0.3112279,-0.3551807,-0.3472597,0.8101818
0.242626,-0.3761928,-0.3243767,0.8333014
0.1721618,-0.3828755,-0.2982518,0.8572121
0.1128796,-0.3764114,-0.2730627,0.8780714
0.0653545,-0.36253,-0.2497118,0.8955137
0.03130932,-0.3469858,-0.2305884,0.9085425
0.004395664,-0.3307547,-0.2135811,0.9192199
-0.01704636,-0.3148622,-0.1984973,0.9279925
-0.0239469,-0.3091366,-0.1933005,0.9308578
-0.02399808,-0.3090774,-0.193258,0.9308848
-0.01269384,-0.318341,-0.2016895,0.9261853
-0.01057081,-0.3199852,-0.2032206,0.9253103
-0.01092708,-0.3197105,-0.2029643,0.9254573
-0.00208129,-0.326216,-0.2091777,0.9218586
0.04566246,-0.3540742,-0.2389308,0.9030274
0.1187453,-0.3775395,-0.2757267,0.8759785
0.1961458,-0.3822901,-0.3075284,0.8490037
0.3016515,-0.3589201,-0.3442047,0.813453
0.4079608,-0.2976413,-0.3777231,0.7760818
0.4800663,-0.225318,-0.4013042,0.7468087
0.5205297,-0.1662718,-0.4162734,0.7267179
0.5356812,-0.1383854,-0.4226205,0.717835
0.5373743,-0.1349839,-0.4233747,0.7167719
0.5267778,-0.1552628,-0.4188232,0.7231775
0.5113932,-0.1813102,-0.4126827,0.7316396
0.505107,-0.1910114,-0.410295,0.7348739
0.5112341,-0.1815844,-0.4126107,0.7317234
0.5250975,-0.1582658,-0.4181389,0.724144
0.5411609,-0.1271685,-0.4250838,0.7143368
0.5523564,-0.1018916,-0.4304574,0.70656
0.5554056,-0.09444571,-0.4319729,0.7042755
0.5348854,-0.1403229,-0.4220966,0.7183602
0.4438189,-0.2657376,-0.3891604,0.7622089
0.3066346,-0.3575066,-0.3456114,0.8116138
0.2878752,-0.3640542,-0.3396528,0.8180639
0.33889,-0.3422527,-0.3561082,0.8007519
0.346658,-0.3382573,-0.3585203,0.7980435
0.3150437,-0.3535148,-0.348505,0.8088999
0.2587286,-0.3725766,-0.3299251,0.8278863
0.2093494,-0.3812118,-0.3124554,0.8445248
0.1811958,-0.3828455,-0.3018017,0.8541155
0.1562568,-0.3822325,-0.291844,0.8627335
0.1325743,-0.3798491,-0.281842,0.871036
0.1128131,-0.3764148,-0.2730301,0.8780887
0.1006898,-0.3736631,-0.2673831,0.8824645
0.09102529,-0.3710904,-0.2627384,0.8859881
0.09307463,-0.3716646,-0.263735,0.8852381
0.1054839,-0.3748096,-0.2696394,0.8807302
0.1170509,-0.3772686,-0.2749588,0.8765644
0.1302721,-0.3795115,-0.2808394,0.8718541
0.1386097,-0.3806283,-0.2844462,0.8689072
0.1464272,-0.3814616,-0.2877615,0.8661637
0.1542203,-0.3821038,-0.291004,0.8634405
0.1616863,-0.3825379,-0.2940576,0.860844
0.168533,-0.3827745,-0.2968138,0.8584765
0.1714399,-0.38284,-0.2979697,0.8574707
0.1648623,-0.3826672,-0.295341,0.8597441
0.147944,-0.381597,-0.2883984,0.8656343
0.1304994,-0.3795542,-0.280938,0.8717697
0.1128435,-0.376421,-0.2730438,0.8780779
0.09838717,-0.3730795,-0.2662885,0.8833019
0.08362553,-0.3688841,-0.2590907,0.8887089
0.07123498,-0.3647107,-0.2527913,0.8933131
0.06155767,-0.3610433,-0.2476915,0.8969433
0.05816234,-0.3596634,-0.2458621,0.8982267
0.05802396,-0.3596067,-0.2457873,0.8982789
0.05929891,-0.3601307,-0.2464768,0.8977965
0.06070016,-0.3607,-0.2472314,0.8972668
0.06560437,-0.3626258,-0.249844,0.8954197
0.06620999,-0.3628522,-0.2501632,0.8951943
0.07381984,-0.3656409,-0.2541255,0.8923438
0.08300367,-0.3686857,-0.2587809,0.8889396
0.09794671,-0.3729659,-0.266078,0.8834621
0.1049088,-0.3746808,-0.2693706,0.8809358
0.1104906,-0.3759397,-0.2719627,0.8789183
0.1033001,-0.3742954,-0.2686156,0.88152
0.1038471,-0.3744327,-0.2688725,0.8813192
0.09869143,-0.3731254,-0.2664347,0.8832043
0.1294971,-0.379393,-0.2805003,0.8721302
0.1611844,-0.3824818,-0.2938595,0.8610307
0.1703206,-0.3828183,-0.2975253,0.8578575
0.1690886,-0.3828019,-0.2970337,0.8582789
0.1552565,-0.3821388,-0.291437,0.8630931
0.1222119,-0.378199,-0.2772803,0.8747259
0.09679499,-0.3726656,-0.2655278,0.8838813
0.09528165,-0.372252,-0.2648011,0.8844379
0.09826343,-0.3730661,-0.2662292,0.8833392
0.06880458,-0.3637756,-0.2515256,0.8942416
0.04933821,-0.3558482,-0.2410059,0.9015841
0.06389183,-0.3619504,-0.2489356,0.8960696
0.1094881,-0.3755722,-0.2715094,0.879341
0.1680267,-0.382697,-0.2966221,0.8586765
0.1622559,-0.3825624,-0.2942891,0.8606468
0.1872139,-0.3826504,-0.3041383,0.8520737
0.2219127,-0.3797786,-0.3170165,0.840252
0.2043701,-0.381648,-0.3106188,0.8462232
0.2187978,-0.3801554,-0.315901,0.841318
0.3330756,-0.3453079,-0.3542201,0.8027149
0.3752576,-0.3213795,-0.3674224,0.7879707
0.3337705,-0.3452374,-0.3543342,0.8024061
0.2144958,-0.380681,-0.3143367,0.8427728
0.2067725,-0.3814453,-0.3115075,0.8454039
0.176335,-0.3829036,-0.2998982,0.8557757
0.1481803,-0.3816618,-0.2884915,0.8655342
0.102549,-0.374121,-0.2682615,0.8817897
0.09784962,-0.3729347,-0.2660322,0.8834999
0.08723085,-0.3699812,-0.260879,0.887382
0.08986481,-0.3707504,-0.2621724,0.8864164
0.09672151,-0.3726461,-0.2654924,0.8839082
0.1021978,-0.3740397,-0.268096,0.8819153
0.1092353,-0.3756209,-0.271386,0.8793896
0.1208679,-0.3779835,-0.2766772,0.8751966
0.1291766,-0.3793471,-0.28036,0.8722429
0.1188203,-0.3776024,-0.2757581,0.8759313
0.1115454,-0.3761671,-0.2724473,0.8785377
0.1014078,-0.3738363,-0.2677234,0.8822057
0.08997796,-0.3707861,-0.262228,0.8863736
0.08145122,-0.3681961,-0.2580031,0.8895121
0.08258061,-0.3685534,-0.2585688,0.8890956
0.07574879,-0.3663168,-0.2551148,0.8916224
0.09558853,-0.3723455,-0.264948,0.8843213
0.08482726,-0.3692462,-0.2596894,0.8882696
0.08189481,-0.3683613,-0.2582256,0.8893383
0.06205533,-0.3611494,-0.2479563,0.8967931
0.0480033,-0.3552418,-0.2402585,0.9020947
0.07588031,-0.3663579,-0.2551824,0.891575
0.1153796,-0.3769167,-0.2742017,0.8771743
0.174327,-0.3828107,-0.2991231,0.8564997
0.2249532,-0.3793076,-0.3181187,0.8392391
0.2626037,-0.3716289,-0.331229,0.8265704
0.2943149,-0.3617444,-0.3417819,0.8159075
0.3045803,-0.3578848,-0.3451123,0.8124326
0.3123344,-0.3547173,-0.3476157,0.8098063
0.3156529,-0.3533044,-0.3486804,0.8086787
0.3218392,-0.3505813,-0.3506549,0.8065689
0.34406,-0.3396288,-0.3577105,0.7989482
0.3638855,-0.3283881,-0.363925,0.7920273
0.381021,-0.3174215,-0.3692811,0.7859377
0.3927484,-0.3092065,-0.3729493,0.7816961
0.3900898,-0.3111206,-0.3721178,0.7826636
0.3775897,-0.3197114,-0.3682092,0.7871675
0.372812,-0.3228001,-0.3667265,0.7888744
0.3473617,-0.3378733,-0.3587428,0.7978001
0.3318272,-0.3458768,-0.3538363,0.8031562
0.3230775,-0.350006,-0.3510543,0.80615
0.2950307,-0.3615121,-0.3420062,0.8156577
0.24681,-0.3753316,-0.3258318,0.8318921
0.1726429,-0.3827757,-0.2984611,0.857087
0.1120507,-0.3762661,-0.2726796,0.878359
0.06189455,-0.3611839,-0.2478708,0.896814
0.03113025,-0.3469208,-0.2304834,0.9086002
0.02427835,-0.3431183,-0.226327,0.9112939
0.03870859,-0.3507983,-0.2349486,0.9056717
0.07302085,-0.365278,-0.2537159,0.8926747
0.1153994,-0.3769892,-0.2742072,0.8771388
0.1462779,-0.3814455,-0.2876993,0.8662167
0.1238563,-0.378496,-0.2780113,0.8741338
0.05261312,-0.3575226,-0.2428309,0.9002458
0.05903429,-0.359986,-0.2463276,0.897913
0.1336688,-0.37997,-0.2823159,0.8706625
0.2301184,-0.3785077,-0.3199628,0.837497
0.3177049,-0.352476,-0.349316,0.8079621
0.3731553,-0.3226686,-0.3667955,0.7887338
0.4148928,-0.2919655,-0.3799244,0.7734841
0.4441748,-0.2653852,-0.3892754,0.7620656
0.470299,-0.2371826,-0.3979386,0.7511379
0.4893823,-0.2133231,-0.4045469,0.7425228
0.4901524,-0.2122732,-0.4048302,0.7421613
0.489097,-0.2136871,-0.4044542,0.7426565
0.4713667,-0.2359432,-0.398293,0.7506709
0.4308421,-0.2780051,-0.3850211,0.7673637
0.3731434,-0.3227423,-0.3667651,0.7887235
0.2834253,-0.3655039,-0.3381981,0.8195724
0.2282093,-0.3788661,-0.3192694,0.8381218
0.1894875,-0.3825806,-0.3050069,0.8512915
0.1554349,-0.3821836,-0.291506,0.863018
0.1355394,-0.380241,-0.2831277,0.8699911
0.1292182,-0.3793547,-0.2803784,0.8722274
0.1296147,-0.3794121,-0.280552,0.8720878
0.1294948,-0.3793998,-0.280499,0.872128
0.118251,-0.3774965,-0.2755013,0.8761348
0.09978323,-0.3734392,-0.2669533,0.8827924
0.08800979,-0.3702255,-0.2612621,0.8870904
0.07254088,-0.365163,-0.253467,0.8928316
0.06727353,-0.3632585,-0.2507241,0.8947933
0.04618966,-0.3544295,-0.2392375,0.9027799
0.04896197,-0.3556844,-0.240796,0.9017254
0.03991156,-0.3513861,-0.2356459,0.9052104
0.03168942,-0.3471783,-0.2308145,0.9083984
0.0255007,-0.3437939,-0.2270747,0.9108197
0.0289694,-0.345738,-0.2291841,0.9094507
0.04670011,-0.3546213,-0.2395232,0.9026026
0.07105498,-0.3646525,-0.2526977,0.8933777
0.1105124,-0.3759776,-0.2719704,0.8788971
0.1500602,-0.3816715,-0.2892972,0.864937
0.1742005,-0.382907,-0.2990556,0.8565058
0.1978745,-0.3821819,-0.3081793,0.8484151
0.2114064,-0.3810039,-0.3132108,0.8438261
0.2261665,-0.3791394,-0.3185501,0.8388253
0.2318175,-0.3782296,-0.3205651,0.8369235
0.2468435,-0.3753653,-0.32583,0.8318677
0.2298249,-0.3785663,-0.3198554,0.8375921
0.226332,-0.3790916,-0.3186148,0.8387777
0.2090056,-0.3812689,-0.3123234,0.844633
0.1917639,-0.3825234,-0.3058673,0.8504984
0.1844328,-0.3827795,-0.3030569,0.8530069
0.1730361,-0.382867,-0.2986013,0.856918
0.1600215,-0.3825676,-0.2933654,0.8613779
0.1025499,-0.3741206,-0.2682627,0.8817893
0.05253306,-0.3572811,-0.2427809,0.9003599
0.01962383,-0.3404165,-0.223438,0.9131303
0.01855462,-0.3398076,-0.2227703,0.9135426
0.04817956,-0.355323,-0.2403577,0.9020268
0.09132388,-0.3712404,-0.2628829,0.8858516
0.1131002,-0.3764646,-0.2731628,0.8779891
0.1254306,-0.3787624,-0.278709,0.8735716
0.1247066,-0.3786379,-0.2783891,0.8738313
0.1250996,-0.378706,-0.2785628,0.8736903
0.1331959,-0.3799321,-0.2821122,0.8708175
0.1604022,-0.3824488,-0.2935402,0.8613002
0.1830828,-0.3828129,-0.3025349,0.8534679
0.1861414,-0.3827465,-0.3037138,0.8524168
0.1676778,-0.3826987,-0.2964807,0.8587928
0.1399493,-0.3807853,-0.2850187,0.868436
0.120487,-0.3779074,-0.2765068,0.8753359
0.1267153,-0.3789594,-0.2792779,0.8731191
0.1488945,-0.381658,-0.288799,0.8653108
0.1695592,-0.3828263,-0.2972181,0.8581114
0.198449,-0.382143,-0.3083954,0.8482199
0.2166326,-0.3804396,-0.3151115,0.8420455
0.2320501,-0.3781574,-0.3206556,0.8368571
0.2242191,-0.3793831,-0.317864,0.8394979
0.2171384,-0.3803646,-0.3152982,0.8418792
0.210094,-0.3811066,-0.312736,0.8442833
0.187998,-0.3826995,-0.3044242,0.8517768
0.1897123,-0.3826147,-0.3050848,0.8511983
0.1819029,-0.3828345,-0.3020772,0.8538727
0.1786864,-0.3828676,-0.3008245,0.8549784
0.1808988,-0.3828318,-0.3016901,0.854224
0.1715896,-0.38282,-0.2980331,0.8574275
0.1480493,-0.3816124,-0.288442,0.8655949
0.1383971,-0.3805954,-0.2843559,0.8689851
0.1370592,-0.3804356,-0.2837814,0.8694548
0.1264432,-0.378895,-0.2791596,0.8732242
0.1129689,-0.3764566,-0.2731006,0.8780288
0.08111563,-0.3681116,-0.2578341,0.8896267
0.08693153,-0.369859,-0.2607316,0.8875057
0.08454987,-0.3691639,-0.2595514,0.8883706
0.09032641,-0.3708863,-0.2623979,0.8862459
0.08462098,-0.3691864,-0.2595871,0.888344
0.07076367,-0.3645296,-0.2525465,0.8934937
0.06061393,-0.3606722,-0.247185,0.8972966
0.05033345,-0.3562958,-0.2415615,0.9012037
0.0405905,-0.3517219,-0.2360382,0.9049476
0.02838302,-0.3453938,-0.228828,0.9096896
0.02112164,-0.34128,-0.2243723,0.9125453
0.01504988,-0.3376339,-0.2205438,0.914952
0.01998673,-0.340612,-0.2236644,0.9129941
0.02844103,-0.3454151,-0.2288624,0.9096711
0.03260552,-0.3476712,-0.2313609,0.9080384
0.02352632,-0.3426711,-0.2258621,0.9115971
0.03278037,-0.3477451,-0.2314636,0.9079776
0.05796925,-0.3595687,-0.2457573,0.8983057
0.09157204,-0.3712752,-0.2630025,0.8857759
0.1393927,-0.3807176,-0.2847818,0.8686329
0.1965203,-0.3823481,-0.3076535,0.8488457
0.2266808,-0.3790285,-0.3187422,0.8386636
0.2489895,-0.3749032,-0.3265717,0.8311455
0.2602381,-0.3722335,-0.3304277,0.8273668
0.2615092,-0.3719074,-0.3308598,0.8269399
0.2637473,-0.3713246,-0.3316176,0.8261871
0.2707762,-0.369379,-0.3339868,0.8238278
0.2772764,-0.3674513,-0.3361588,0.8216415
0.278756,-0.3669933,-0.3366508,0.8211439
0.273679,-0.3685378,-0.3349586,0.8228502
0.2620917,-0.3717664,-0.331054,0.8267411
0.238095,-0.3771139,-0.32278,0.8348107
0.2010834,-0.3819543,-0.3093837,0.8473241
0.1554897,-0.3821389,-0.2915347,0.8630182
0.1083173,-0.3753997,-0.2709615,0.8797286
0.1066049,-0.3750756,-0.2701625,0.8803214
0.1494516,-0.3817302,-0.2890294,0.8651059
0.1779103,-0.3829103,-0.3005144,0.8552303
0.1722433,-0.382864,-0.2982866,0.8571886
0.1457167,-0.3813948,-0.2874631,0.866412
0.1031929,-0.3742708,-0.2685646,0.8815586
0.06458777,-0.3622085,-0.2493046,0.8958128
0.04006599,-0.3514727,-0.2357358,0.9051465
0.03007151,-0.3463115,-0.2298456,0.9090297
0.02803924,-0.3452034,-0.2286199,0.9098248
0.03190015,-0.347293,-0.2309404,0.9083152
0.03942425,-0.3511543,-0.2353645,0.9053949
0.0502482,-0.3562565,-0.2415145,0.9012365
0.0568554,-0.3591198,-0.2451528,0.8987216
0.06142197,-0.3609917,-0.2476189,0.8969934
0.06959257,-0.3641148,-0.2519367,0.8939268
0.07392728,-0.3656726,-0.2541809,0.8923063
0.0856719,-0.3694932,-0.2601081,0.8879633
0.1074617,-0.3752616,-0.2705616,0.8800154
0.1215092,-0.3780963,-0.2769646,0.8749682
0.134779,-0.3801403,-0.2827982,0.8702604
0.1493149,-0.3817209,-0.2889707,0.8651532
0.1643869,-0.3826473,-0.2951503,0.8599095
0.1726494,-0.382858,-0.298449,0.8570532
0.1813732,-0.3828423,-0.3018712,0.8540547
0.1726713,-0.3828576,-0.2984579,0.8570458
0.1698984,-0.3828098,-0.2973576,0.8580033
0.1668949,-0.3827368,-0.296157,0.85904
0.1740125,-0.3828684,-0.298989,0.8565844
0.1795141,-0.3828554,-0.3011494,0.8546961
0.1886539,-0.3826578,-0.3046791,0.8515593
0.1893758,-0.3826264,-0.304956,0.8513141
0.1845997,-0.3827794,-0.3031211,0.8529481
0.1701572,-0.3827918,-0.2974644,0.857923
0.1414458,-0.3809853,-0.2856524,0.8678975
0.1064651,-0.3750473,-0.2700977,0.8803703
0.06264467,-0.3614749,-0.2482723,0.8965335
0.03508553,-0.349004,-0.2328319,0.9070581
0.03851994,-0.3507018,-0.2348393,0.9057455
0.05753489,-0.3593838,-0.245521,0.8984722
0.07123235,-0.364716,-0.2527898,0.8933115
0.07976586,-0.3676527,-0.2571553,0.8901348
0.07379487,-0.3656068,-0.254113,0.8923635
0.06060242,-0.3606579,-0.2471784,0.8973048
0.05454924,-0.3581418,-0.243892,0.8995974
0.05440931,-0.3580809,-0.2438154,0.8996509
0.06357551,-0.3618359,-0.248768,0.8961849
0.07521648,-0.366119,-0.2548425,0.8918266
0.08607181,-0.3696313,-0.2603059,0.8878092
0.09755194,-0.3728692,-0.2658891,0.8836036
0.09700339,-0.3727342,-0.265627,0.8837997
0.08205023,-0.3683445,-0.2583042,0.8893082
0.08066798,-0.3679401,-0.2576098,0.8898033
0.07188509,-0.3649585,-0.2531279,0.8930645
0.08930348,-0.3705545,-0.2618986,0.886636
0.1147955,-0.3768243,-0.273935,0.877374
0.1356135,-0.3802498,-0.2831588,0.8699657
0.1567259,-0.3822722,-0.2920346,0.8625664
0.1754115,-0.3828842,-0.2995381,0.8561001
0.1990137,-0.3820927,-0.3086105,0.848032
0.2178723,-0.3802728,-0.3155651,0.8416311
0.2133783,-0.3808051,-0.3139289,0.8431524
0.2148578,-0.3806317,-0.3144708,0.8426529
0.205598,-0.3815882,-0.3110645,0.8457888
0.2008974,-0.3819709,-0.3093131,0.8473865
0.2000762,-0.3820347,-0.3090054,0.8476644
0.215028,-0.3805799,-0.3145397,0.842607
0.2231466,-0.3795893,-0.3174655,0.8398412
0.246521,-0.375434,-0.3257187,0.831976
0.2616847,-0.3718692,-0.3309165,0.8268788
0.264014,-0.3712495,-0.3317082,0.8260993
0.2654411,-0.3708689,-0.3321905,0.825619
0.2669727,-0.3704509,-0.3327076,0.8251045
0.2211355,-0.3798953,-0.3167335,0.8405108
0.19861,-0.3821395,-0.3084549,0.8481623
0.1702816,-0.3828073,-0.297512,0.8578749
0.1439638,-0.3812207,-0.2867234,0.8670266
0.142504,-0.3810582,-0.2861067,0.8675426
0.1545695,-0.382129,-0.2911491,0.863318
0.1583619,-0.3823672,-0.2927042,0.8619983
0.1518826,-0.3819317,-0.2900381,0.8642555
0.1369194,-0.3804377,-0.2837194,0.8694962
0.1088723,-0.3755031,-0.2712215,0.8795357
0.06393658,-0.3619671,-0.2489601,0.8960529
0.02768547,-0.3450087,-0.2284056,0.9099634
-0.008342296,-0.3217038,-0.2048136,0.9243854
-0.03084657,-0.3030497,-0.1879079,0.9337559
-0.04357843,-0.290811,-0.1773901,0.9391819
-0.03704856,-0.2972513,-0.1828804,0.9363887
-0.03750047,-0.2967865,-0.1824994,0.9365924
-0.03727935,-0.2969441,-0.182669,0.9365183
-0.03210619,-0.3019954,-0.1869202,0.934253
0.01504675,-0.3376312,-0.2205421,0.9149535
0.1375386,-0.3801957,-0.2840282,0.8694035
0.3364471,-0.343067,-0.3555049,0.801701
0.5168763,-0.1721872,-0.4149336,0.7287117
0.5892756,0.03591007,-0.4572546,0.6651188
0.5934123,0.1611289,-0.4802353,0.6255185
0.5808338,0.2511187,-0.4970914,0.5936932
0.5674812,0.3036053,-0.5073605,0.5730395
0.5625329,0.3195682,-0.5105435,0.566373
0.5633795,0.3169079,-0.5100223,0.5674946
0.5713559,0.2900921,-0.5046691,0.5785397
0.5778317,0.2645969,-0.499693,0.5885624
0.58584,0.2247408,-0.4920952,0.6034279
0.5942599,0.1459784,-0.477461,0.6305367
0.5772736,-0.02565897,-0.4457884,0.6836442
0.4454511,-0.2635533,-0.3899817,0.7615952
0.2498114,-0.3747192,-0.3268566,0.8308697