0.001193044,0.04983595,0.008763599,0.9987183
0.0227392,-0.09165575,-0.04284325,0.9946088
0.01729193,-0.07823926,-0.04936756,0.9955614
0.01555208,-0.07914381,-0.05316588,0.9953229
0.005133019,-0.07731524,-0.05219062,0.9956264
-0.001478689,-0.07525631,-0.05032614,0.9958923
-0.004017875,-0.07604836,-0.04735447,0.9959709
-0.007040984,-0.07263047,-0.04651645,0.9962487
-0.01111446,-0.06345735,-0.04873545,0.9967319
-0.01528473,-0.05703674,-0.0457619,0.9972056
-0.02058652,-0.03986515,-0.05148141,0.9976656
-0.02383291,-0.02048239,-0.04800124,0.9983528
-0.01922435,-0.01557834,-0.02673533,0.9993362
-0.01999041,-0.01386881,-0.01185355,0.9996337
-0.02503589,-0.01006457,-0.007151221,0.9996103
-0.01897156,-0.008877707,0.008213912,0.9997469
-0.01520921,-0.01500744,0.01889772,0.9995931
-0.005179686,-0.02698017,0.03007042,0.9991701
-0.001323535,-0.02862654,0.03167231,0.9990874
0.005261169,-0.03370631,0.04491991,0.9984079
0.007509293,-0.04069263,0.06213522,0.9972095
0.01288729,-0.04777667,0.07579821,0.9958946
0.01969264,-0.05037013,0.08102245,0.995244
0.02058933,-0.04486544,0.08141442,0.9954572
0.02522549,-0.03816734,0.08226003,0.9955602
0.0253249,-0.02671407,0.08058105,0.9960681
0.02880792,-0.01583091,0.0714699,0.996901
0.03254506,-0.001557383,0.05839685,0.9977615
0.03427463,0.0132028,0.05625948,0.9977403
0.03216837,0.03952134,0.06330513,0.9966924
0.02654012,0.04022852,0.06478695,0.9967346
0.02338204,0.01923779,0.02185876,0.9993025
0.0153504,0.01339694,0.01204701,0.9997198
0.0003914216,0.008119416,0.02133069,0.9997395
-0.004949463,-0.002010238,-0.00806775,0.9999532
-0.01067707,-0.01468607,-0.03127003,0.999346
-0.005215258,-0.01722116,-0.01989534,0.9996402
-0.0006165447,-0.02190674,-0.02891055,0.9993418
0.002345938,-0.02021278,-0.0311935,0.9993062
-0.0005606853,-0.02249174,-0.03258635,0.9992156
0.0006019342,-0.0190225,-0.02415445,0.999527
-0.005907916,-0.01843967,-0.0224698,0.99956
0.003197248,-0.01418098,-0.009247854,0.9998516
0.006474611,-0.006366583,0.008861209,0.9999195
0.009448344,0.007663319,0.002293932,0.9999233
0.01612842,0.0122964,0.0002447912,0.9997942
0.02219358,-0.001563065,0.02490047,0.9994423
0.02081248,-0.005482846,0.02922172,0.9993412
0.02407885,-0.01703491,0.03621841,0.9989086
0.02291852,-0.0211983,0.04627637,0.9984407
0.02793356,-0.02213749,0.05048753,0.9980885
0.03180143,-0.02459855,0.05702894,0.9975627
0.03588485,-0.03058763,0.05830961,0.9971844
0.04153877,-0.02726932,0.08213815,0.9953815
0.04298347,-0.02242119,0.08872152,0.994876
0.04642476,-0.01673594,0.09621399,0.9941366
0.045494,-0.01453629,0.09990939,0.9938496
0.04468375,0.0002472755,0.1054932,0.9934155
0.04568664,0.0220935,0.09638613,0.9940495
0.04957908,0.03563541,0.100625,0.9930491
0.0539099,0.04572601,0.1051779,0.9919378
0.05677132,0.06111512,0.08701757,0.9927083
0.06876704,0.07557292,0.09291476,0.9904174
0.07519715,0.06797921,0.0877536,0.9909709
0.06235371,0.0513325,0.04874927,0.9955403
0.06869288,0.0452013,0.01317431,0.9965263
0.06005168,0.04152366,0.01886281,0.9971528
0.05481988,0.03746667,-0.003138156,0.9977881
0.04139291,0.0374665,-0.04928317,0.9972232
0.03471782,0.02450652,-0.04324158,0.9981605
0.03156736,0.007910494,-0.04189628,0.9985918
0.02880262,0.006984485,-0.02562446,0.9992322
0.04696988,0.0120533,-0.03873239,0.9980723
0.05188113,0.01894283,-0.02273365,0.9982147
0.05680447,0.02730285,-0.02600113,0.9976732
0.04911806,0.03192977,-0.01634691,0.9981487
0.04343574,0.03558652,-0.02651168,0.9980701
0.04069601,0.03956175,-0.0277406,0.9980026
0.03461624,0.03449589,-0.006691044,0.9987828
0.02356406,0.03241216,0.02759533,0.9988156
-0.0004065139,0.03739414,0.05078311,0.9980093
-0.01477946,0.03397404,0.0834565,0.9958224
-0.02852769,0.02839613,0.0954686,0.9946182
-0.0459244,0.02588509,0.1013911,0.9934489
-0.05889993,0.01440486,0.123111,0.9905387
-0.07579657,0.003989542,0.1359783,0.9877999
-0.08234338,-0.007440709,0.1514039,0.9850082
-0.08297379,-0.008986258,0.1542471,0.9845011
-0.07864992,-0.009197575,0.1514286,0.9852913
-0.06980693,-0.0067223,0.1517955,0.9859209
-0.05914527,-0.005219629,0.1521524,0.986572
-0.0511629,-0.002795277,0.152831,0.986923
-0.04465934,0.002551813,0.150156,0.9876499
-0.04760755,0.01091187,0.1477345,0.9878203
-0.04475737,0.0170391,0.1418007,0.988736
-0.04266291,0.01776123,0.134785,0.9897966
-0.03044822,0.02272391,0.1196556,0.9920883
-0.01909632,0.03284462,0.1167526,0.9924341
-0.01241162,0.03778131,0.1004849,0.9941435
-0.01019482,0.03624453,0.07981045,0.9960988
-0.01002575,0.03809461,0.0528407,0.9978257
-0.009115463,0.04344102,0.03517625,0.998395
-0.009694738,0.0448905,0.01159354,0.9988776
-0.01208823,0.04048208,-0.01594906,0.9989799
-0.01392137,0.03457046,-0.03335463,0.9987485
-0.01387383,0.03304988,-0.04117114,0.998509
-0.01561895,0.03654077,-0.03922725,0.9984397
-0.01723685,0.03670102,-0.03140217,0.998684
-0.01908426,0.04148354,-0.02782435,0.9985693
-0.01886536,0.04220288,-0.02161711,0.998697
-0.01819063,0.04779752,-0.01210606,0.998618
-0.01732275,0.0534824,-0.003365132,0.9984129
-0.01698599,0.0535519,0.002395825,0.9984178
-0.01662712,0.06114374,0.01485744,0.9978799
-0.01880965,0.06990468,0.02578436,0.997043
-0.01907112,0.07191927,0.0366447,0.9965546
-0.01791095,0.06294885,0.04605306,0.9967927
-0.01583257,0.04831352,0.04715818,0.9975927
-0.009959795,0.03883906,0.05685891,0.9975768
-0.003619914,0.02640961,0.06794234,0.997333
0.001017399,0.012756,0.07348795,0.997214
0.007131814,0.00048456,0.08516831,0.9963409
0.01199039,-0.01062512,0.09459177,0.9953873
0.01934452,-0.01662732,0.1034544,0.994307
0.02525666,-0.02498217,0.1142337,0.9928186
0.0332096,-0.02727287,0.1191464,0.9919463
0.04287385,-0.02676593,0.1192488,0.9915771
0.05052728,-0.02198182,0.1233191,0.9908361
0.0583083,-0.01752786,0.1181359,0.991129
0.06894314,-0.008499245,0.1160889,0.9908068
0.07958598,-0.0004488192,0.1140588,0.990281
0.0899278,0.01108255,0.1101168,0.98978
0.1017245,0.02917811,0.09351881,0.9899774
0.1444878,0.04498055,0.07652555,0.985517
0.1730535,0.05188323,0.07947935,0.9803284
0.1751413,0.04391042,0.06084209,0.98168
0.1877374,0.04474558,0.01215954,0.9811242
0.1801221,0.04303388,0.004272535,0.9826933
0.1643256,0.03285655,0.0117811,0.9857884
0.1594504,0.03300696,-0.01168141,0.9865849
0.1414357,0.03011633,-0.027792,0.9890988
0.1262385,0.01648648,-0.02136463,0.9916328
0.1105528,0.01226752,-0.02506313,0.9934785
0.09546585,0.01118366,-0.03143615,0.9948733
0.07989383,0.01866018,-0.02380167,0.9963444
0.05797949,0.01774545,-0.002558407,0.9981568
0.03361122,0.01419983,0.01085495,0.9992752
0.02722342,0.01092463,0.02207129,0.9993259
0.0342627,0.005045527,0.02781985,0.9990128
0.03876157,-0.001885421,0.04293532,0.9983239
0.03977494,-0.003839035,0.04859368,0.998019
0.03990904,-0.006512064,0.05636808,0.9975908
0.03352166,-0.009440716,0.05967198,0.9976103
0.02994328,-0.01161702,0.06746293,0.9972047
0.03268253,-0.0116108,0.0717371,0.9968203
0.03413981,-0.01349729,0.07139024,0.9967727
0.04195986,-0.0167029,0.09015004,0.9949036
0.04096062,-0.0179437,0.08369716,0.9954874
0.04976968,-0.02223788,0.08681888,0.9947317
0.04849004,-0.03002058,0.08766629,0.994516
0.055322,-0.03916559,0.08893455,0.9937285
0.05570436,-0.04044877,0.09234177,0.9933448
0.05871762,-0.04795778,0.09247308,0.9928247
0.06034134,-0.05096725,0.08827975,0.9929592
0.0628034,-0.04960676,0.08761805,0.992934
0.06344398,-0.05331472,0.08717031,0.9927406
0.06334997,-0.04766729,0.09079771,0.9927086
0.06321373,-0.05450259,0.08388152,0.992974
0.07198147,-0.05929353,0.06672977,0.9934033
0.07003569,-0.04751659,0.07301329,0.9937335
0.07408164,-0.04169254,0.04461721,0.9953808
0.06919405,-0.03440412,0.04956745,0.9957768
0.07002468,-0.03297504,0.05333723,0.9955724
0.07068111,-0.02909789,0.02798621,0.9966816
0.06452099,-0.03180634,-0.001862705,0.9974076
0.06355137,-0.03402525,-0.026375,0.9970496
0.05218652,-0.03071168,-0.04010846,0.9973589
0.03989773,-0.02871641,-0.04781584,0.9976458
0.0321247,-0.02941167,-0.06376993,0.9970137
0.02750985,-0.033548,-0.08311311,0.9955953
0.01652391,-0.03314736,-0.09681686,0.9946129
0.008220745,-0.03442533,-0.1067981,0.9936506
0.005348603,-0.03063148,-0.1093593,0.9935158
-0.001725588,-0.02512899,-0.1101738,0.993593
0.009605124,-0.01729108,-0.1159348,0.9930599
-0.001466137,-0.01468171,-0.1048332,0.9943804
-0.001648994,-0.007544165,-0.09377287,0.9955637
-0.0006494715,0.001216943,-0.07991075,0.9968011
-0.0057443,0.001685912,-0.06536302,0.9978436
0.01010093,-0.004309773,-0.03294133,0.999397
0.005461534,-0.004428313,-0.03513969,0.9993576
0.008838931,-0.01050937,-0.02076429,0.9996901
0.02581816,-0.01991162,0.003263399,0.999463
0.0151033,-0.02536695,0.004116057,0.9995556
0.0158174,-0.02334189,0.006915672,0.9995784
0.02174034,-0.02869707,0.01629258,0.9992189
0.01512956,-0.02278342,0.1233168,0.9919905
0.03172659,-0.01868259,0.02911246,0.9988978
0.02572362,-0.009301472,0.04680255,0.9985296
0.01875991,0.0001885925,0.05094579,0.9985251
0.005558613,0.000538349,0.004906524,0.9999723
5.149363E-05,-0.008225583,-0.03126688,0.9994772
-0.005411211,-0.0129901,-0.05806944,0.9982134
-0.008784886,-0.02604811,-0.08921098,0.9956333
-0.005059304,-0.03628337,-0.1185828,0.9922681
-0.0008936962,-0.04260987,-0.1537342,0.9871927
-4.222337E-05,-0.04164206,-0.1578048,0.9865919
-0.004416806,-0.04069753,-0.1211712,0.9917872
-0.002512306,-0.03608536,-0.09611872,0.9947124
0.001905728,-0.03167817,-0.0814191,0.9961745
0.002898946,-0.03060561,-0.07472352,0.9967303
0.005812068,-0.02335343,-0.07673824,0.9967607
0.003851225,-0.01505921,-0.08153605,0.9965492
0.01167552,-0.002047474,-0.08999658,0.9958715
0.006673057,0.003063859,-0.09787009,0.9951721
0.006471442,0.006964043,-0.1046453,0.9944641
-0.00149029,0.01201811,-0.1101831,0.9938375
-0.0003917299,0.01734394,-0.09881993,0.994954
-0.003932022,0.02241202,-0.1002356,0.9947035
-0.01064283,0.02591553,-0.103141,0.9942721
-0.01004938,0.02558294,-0.08441906,0.9960512
-0.01062836,0.02513109,-0.07173897,0.99705
-0.01098843,0.02265515,-0.05801168,0.9979983
-0.008014633,0.009885043,-0.0419274,0.9990396
-0.0007846778,-0.01235224,-0.006310673,0.9999035
0.008762941,-0.03017614,0.00755013,0.9994777
0.01776743,-0.03238161,0.008921373,0.9992778
0.02235248,-0.0364627,0.01726705,0.9989358
0.0223718,-0.04245412,0.02938497,0.9984156
0.02361423,-0.04728076,0.04276704,0.9976863
0.0238802,-0.04702686,0.04915955,0.9973974
0.02399733,-0.04490746,0.04777741,0.9975594
0.02544221,-0.04066966,0.04628584,0.9977757
0.027037,-0.03198303,0.0314498,0.9986275
0.01974091,-0.02262131,0.01455532,0.9994432
0.0153153,-0.01052447,-0.001569748,0.9998261
0.01104558,-0.004913521,-0.01033082,0.9998736
0.01109828,0.001551094,-0.01852385,0.9997656
0.01676519,0.00428025,-0.02353038,0.9995733
0.01712356,0.007172203,-0.01999062,0.9996279
0.02179157,-0.01566081,-0.0102507,0.9995873
0.02218083,-0.02672936,-0.02808528,0.9990019
0.02829892,-0.02403341,-0.0138744,0.9992142
0.02417729,-0.02225146,-0.01293141,0.9993764
0.01650694,-0.01306881,-0.02979428,0.9993343
0.01080289,-0.02240283,-0.04470312,0.9986906
0.01031872,-0.03335793,-0.04854326,0.9982105
0.003466158,-0.05755715,-0.07516479,0.9955026
0.002287202,-0.07411075,-0.07357746,0.9945293
-0.007441394,-0.09726743,-0.07606254,0.9923195
-0.008892749,-0.1161523,-0.07213534,0.9905685
-0.01731883,-0.1295956,-0.06959214,0.9889701
-0.01076567,-0.1346153,-0.06748511,0.9885386
-0.006225258,-0.1386014,-0.06244315,0.9883581
-0.009789733,-0.1403173,-0.067524,0.9877529
-0.005750346,-0.1419697,-0.06816875,0.9875041
-0.02406299,-0.1503504,-0.05316759,0.9869087
-0.02448459,-0.1349159,-0.03581568,0.9899068
-0.0431657,-0.1333331,-0.02546677,0.9898032
-0.06175405,-0.1346571,-0.02510382,0.9886474
-0.03888298,-0.1193436,-0.03506605,0.9914715
-0.03146565,-0.1217372,-0.01426277,0.991961
-0.008589871,-0.1119687,0.01036672,0.9936206
0.003077415,-0.1083653,0.04120209,0.9932522
0.008073142,-0.1045185,0.05008041,0.9932284
0.01749896,-0.1064845,0.06861773,0.9917895
0.02300107,-0.0950961,0.04921214,0.9939848
0.02210728,-0.08341143,0.03453958,0.995671
0.0297942,-0.06982663,0.03286276,0.9965724
0.03546675,-0.06715523,0.01761247,0.9969565
0.04471707,-0.05530499,-0.003740332,0.9974607
0.05559565,-0.04800558,-0.01443556,0.9971942
0.07284565,-0.03591761,-0.02463574,0.9963917
0.07738771,-0.01517325,-0.02530285,0.9965644
0.05706185,0.008781252,-0.01888268,0.9981535
0.03197974,0.02819763,-0.008341817,0.9990558
0.01453862,0.02279339,-5.469049E-05,0.9996344
0.007073601,0.01041328,-0.003776183,0.9999136
0.00573471,-0.003825322,-0.01027485,0.9999235
-0.0008465941,-0.01828605,-0.01361193,0.9997398
0.005297173,-0.0318592,-0.01542627,0.9993593
0.005092717,-0.03844707,0.001237117,0.999247
-0.0002165034,-0.04310799,0.01549136,0.9989503
-0.003661023,-0.04950071,0.009994579,0.9987174
-0.001520871,-0.04905472,0.004035543,0.9987867
-0.005878214,-0.04628377,0.0105956,0.9988548
-0.006314183,-0.04152809,0.02229723,0.9988685
0.01098079,-0.03596082,0.03283053,0.9987534
0.02031452,-0.02811696,0.04898895,0.9981968
0.02230752,-0.0112268,0.06037181,0.9978635
0.02768542,0.01420689,0.0562181,0.9979334
0.02543563,0.03101324,0.04921423,0.9979826
0.05239122,-0.002938707,0.06960221,0.9961938
0.02475669,-0.01508158,0.06337246,0.9975688
0.02280391,-0.01615805,0.05373128,0.9981642
0.02024896,-0.01627798,0.07107163,0.9971328
0.02289164,-0.00508487,0.05566589,0.9981741
0.01888703,0.001954465,0.08404277,0.9962812
0.01243618,0.01085766,0.08395559,0.9963327
0.001575233,0.02175473,0.09491557,0.9952464
-0.007881794,0.02687528,0.1137221,0.9931177
-0.0109447,0.03613514,0.1221785,0.9917897
-0.01577249,0.04122656,0.1245003,0.9912373
-0.01723628,0.03330752,0.1280027,0.9910645
-0.01725331,0.02590855,0.1225235,0.9919773
-0.01916412,0.02587906,0.1182657,0.9924597
-0.01962869,0.02696919,0.1212786,0.9920579
-0.02005119,0.02261004,0.1266354,0.9914889
-0.02125505,0.02378268,0.1181121,0.9924878
-0.01910372,0.02315836,0.1087143,0.9936196
-0.01635132,0.01609337,0.09359603,0.9953459
-0.01182961,0.01242164,0.08103949,0.9965633
-0.01061883,0.01444896,0.06392365,0.9977937
-0.005087315,0.002514212,0.04095034,0.999145
-0.01621813,0.002466684,0.01542136,0.9997466
-0.02702297,0.00240124,-0.00762383,0.9996029
-0.02619262,-0.002458375,-0.02061292,0.9994413
-0.03245735,-0.00593417,-0.03413986,0.9988722
-0.03408105,-0.007061011,-0.03788454,0.9986758
-0.03922188,-0.002598121,-0.04485669,0.9982198
-0.04428959,0.00474894,-0.04300458,0.9980814
-0.04575029,0.01220826,-0.0400505,0.9980751
-0.03962439,0.01524014,-0.0290314,0.9986765
-0.04235114,0.02380434,-0.02697608,0.9984548
-0.04581968,0.03250355,-0.020251,0.9982154
-0.05072038,0.03946022,0.003617395,0.9979265
-0.04853823,0.0422288,0.01821715,0.997762
-0.05309328,0.04351239,0.01742155,0.997489
-0.05068381,0.03901342,0.03479205,0.9973458
-0.04078972,0.02353793,0.05633022,0.9973009
-0.03681287,0.008249312,0.06639089,0.9970802
-0.03173617,-0.002218629,0.07074393,0.996987
-0.02773434,-0.005358632,0.07307047,0.9969267
-0.02145051,-0.01190884,0.07333406,0.9970055
-0.01445862,-0.01374726,0.07647602,0.9968718
-0.002448676,-0.005402258,0.07190592,0.9973938
0.01101781,0.0006087056,0.05635663,0.9983497
0.029018,0.004675802,0.04630833,0.9984947
0.02783176,0.01094117,0.02499837,0.99924
0.02649047,0.02150956,0.006871313,0.9993939
0.03484205,0.01394085,0.01517002,0.9991804
0.01167883,-0.00470767,-0.002636591,0.9999172
0.008339902,-0.02263392,-0.02659631,0.9993552
0.004510592,-0.03456225,-0.03165219,0.9988909
-0.003991804,-0.03822973,-0.05365269,0.9978196
-0.005593847,-0.04126056,-0.05689019,0.9975117
-0.01493852,-0.04470195,-0.06458604,0.9967986
-0.01221662,-0.0566068,-0.06523576,0.9961881
-0.0140074,-0.06632616,-0.06688136,0.9954555
-0.01487276,-0.0680168,-0.06394552,0.9955217
-0.01983782,-0.06742447,-0.0673586,0.9952503
-0.02001311,-0.06184137,-0.05738219,0.9962342
-0.02148096,-0.0533865,-0.04775962,0.9971998
-0.02037584,-0.04174883,-0.03745126,0.998218
-0.009926808,-0.03360793,-0.02699224,0.9990213
-0.01495051,-0.02561177,-0.0157955,0.9994354
-0.01289072,-0.01926324,-0.005312001,0.9997172
0.002203989,-0.02468822,0.02072231,0.9994779
0.01279919,-0.02993813,0.04093006,0.9986314
0.02003723,-0.03041153,0.04512532,0.9983173
0.02670192,-0.03406864,0.05313443,0.9976488
0.03563957,-0.04332164,0.07280498,0.9957672
0.03920454,-0.05427093,0.08524342,0.9941083
0.04040401,-0.05947383,0.09140636,0.9932146
0.03708179,-0.06357442,0.09375058,0.9928717
0.03642705,-0.06505634,0.09529851,0.9926525
0.03646015,-0.06130997,0.107014,0.9916954
0.0390227,-0.06042567,0.1188276,0.990306
0.038921,-0.06128031,0.1183234,0.9903179
0.04192718,-0.06862203,0.1241688,0.9889971
0.04228052,-0.0783127,0.122481,0.9884725
0.04062523,-0.09494883,0.1244585,0.9868355
0.0464766,-0.09550478,0.1034007,0.9889525
0.05895367,-0.08108274,0.09271801,0.9906328
0.05733243,-0.06086972,0.08157685,0.9931531
0.04843871,-0.05404389,0.07964896,0.9941776
0.045165,-0.05362545,0.06482965,0.9954303
0.0340387,-0.05796082,0.02649992,0.9973864
0.02580428,-0.05726875,0.01695692,0.9978812
0.02262267,-0.05706442,-0.003000238,0.9981096
0.01788123,-0.06571696,-0.01183898,0.9976078
0.01988857,-0.0652932,-0.02881706,0.9972517
0.01771788,-0.06909249,-0.03848482,0.9967102
0.01619478,-0.06524153,-0.04313269,0.9968053
0.01755757,-0.06524984,-0.03356602,0.9971496
0.01373401,-0.06098979,-0.02641392,0.9976943
0.01382911,-0.05434666,-0.01559434,0.9983046
0.01738656,-0.04911584,-0.01885557,0.9984637
0.00812716,-0.03877688,-0.0199601,0.9990155
0.009813312,-0.01488308,-0.01010977,0.99979
0.01566529,0.00512657,0.002173799,0.9998617
0.005501587,0.02380795,-0.004956291,0.9996891
0.01267507,0.0153501,0.009943686,0.9997524
0.02077563,0.008750123,-0.001660831,0.9997445
0.008156134,0.007362788,-0.01618932,0.9998085
0.007755197,0.002476804,-0.000683105,0.9999666
0.01283421,-0.002154079,0.004918804,0.9999032
0.01938905,-0.003316368,0.01537506,0.9996883
0.03216292,-0.02123354,0.02706034,0.9988906
0.04392241,-0.0453526,0.02249454,0.9977515
0.04423079,-0.05672638,0.02075102,0.9971936
0.05654067,-0.06232057,0.01141959,0.996388
0.06791611,-0.06609578,0.007455744,0.9954713
0.06377517,-0.06133524,0.007966505,0.9960458
0.08354898,-0.05136099,-0.00390374,0.9951715
0.08078843,-0.04620505,0.001326011,0.9956588
0.06885143,-0.04830129,-0.0118505,0.9963865
0.05920625,-0.0490975,-0.02085399,0.9968195
0.06616437,-0.03803722,-0.02591073,0.9967467
0.04933111,-0.04199778,-0.03244613,0.9973714
0.05536252,-0.04973843,-0.05394016,0.9957668
0.05919305,-0.05141978,-0.05969615,0.9951324
0.0591363,-0.05086232,-0.08389855,0.9934168
0.04432834,-0.05092524,-0.09849691,0.9928443
0.04542842,-0.05701743,-0.1102936,0.9912218
0.04062632,-0.06225269,-0.1233408,0.9895762
0.04043011,-0.05788961,-0.137475,0.9879853
0.03045593,-0.05805197,-0.1441601,0.9873806
0.02812267,-0.05626259,-0.1471015,0.9871195
0.02494249,-0.0508941,-0.1394117,0.9886112
0.01768875,-0.04330151,-0.1391577,0.9891649
0.01592831,-0.03733515,-0.1237165,0.991487
0.008461857,-0.02960194,-0.1183218,0.9924979
0.003721448,-0.0233199,-0.1120669,0.99342
-0.001615586,-0.01162984,-0.1026382,0.9946494
-0.006652813,-0.005885555,-0.08587056,0.9962667
-0.004711099,-0.008363339,-0.08789282,0.9960837
-0.001859228,-0.0271228,-0.06000287,0.9978279
-0.01373755,-0.03344058,-0.05635052,0.9977562
-0.02460803,-0.03543438,-0.0285556,0.9986609
-0.01698898,-0.0427191,-0.01529869,0.9988255
-0.01027331,-0.04857488,-0.01690554,0.9986237
-0.002657735,-0.04569989,0.002173368,0.9989493
0.002893713,-0.04018217,0.0005318388,0.9991881
0.01011632,-0.04047992,0.006419029,0.9991085
0.01460279,-0.04057724,0.01980752,0.9988734
0.02106628,-0.04398155,0.03331805,0.9982544
0.01013503,-0.0341219,0.03858447,0.9986212
0.01663112,-0.03239486,0.01969951,0.9991426
0.0211796,-0.03621239,0.01602742,0.9989911
0.02358201,-0.02967256,-0.001487298,0.9992804
0.02243929,-0.02239791,-0.02198606,0.9992554
0.03706827,-0.008051001,-0.05215023,0.9979186
0.0422342,0.0122515,-0.08526898,0.9953871
0.03938689,0.03816763,-0.09951188,0.9935237
0.03333315,0.04956626,-0.08910473,0.9942295
0.0208446,0.03303542,-0.08591674,0.9955363
0.01854238,0.01849603,-0.1292588,0.9912649
-0.01273975,-0.01282544,-0.1113436,0.9936175
-0.02691532,-0.03187129,-0.1112423,0.9929174
-0.03126694,-0.04347425,-0.1062289,0.9928988
-0.03051649,-0.04634573,-0.1146326,0.991857
-0.02308724,-0.03895991,-0.1031464,0.9936347
-0.02821773,-0.0249677,-0.1005044,0.994223
-0.03330057,-0.01920981,-0.1025591,0.9939837
-0.04006677,-0.0147426,-0.0946127,0.9945983
-0.03293243,-0.005264277,-0.09379242,0.995033
-0.03042411,-0.002281165,-0.06799274,0.9972192
-0.03813051,-0.009707576,-0.04986635,0.9979805
-0.04690066,-0.007095209,-0.03241691,0.9983482
-0.05334897,0.001334837,-0.02417832,0.9982823
-0.04899792,0.005990466,-0.0221633,0.998535
-0.03841563,0.008729152,-0.007397934,0.9991963
-0.03559399,0.0006375412,0.02212185,0.9991213
-0.02550756,-0.007588351,0.04181996,0.9987707
-0.02688344,-0.0163349,0.05072594,0.9982171
-0.01032145,-0.01354134,0.04452638,0.9988631
-0.001157494,-0.02564293,0.05680017,0.9980556
0.006834561,-0.03996339,0.07849774,0.9960895
0.01028946,-0.05401551,0.07783484,0.9954487
0.01173862,-0.06138996,0.08295453,0.9945914
0.01267353,-0.06356191,0.08771759,0.9940346
0.01208162,-0.05535681,0.06856973,0.9960361
0.005889479,-0.04932041,0.05912109,0.9970143
0.0006287644,-0.03530628,0.03845666,0.9986362
-0.00577962,-0.03428582,0.02544384,0.9990714
-0.008692922,-0.03083384,0.01554378,0.9993658
-0.00918653,-0.009600665,0.005091367,0.9998988
-0.01371312,-0.006629571,-0.01093887,0.9998242
-0.01736379,-0.004636367,-0.03261796,0.9993063
-0.02286769,-0.002899599,-0.0402112,0.9989253
-0.01967557,-0.004383467,-0.05828554,0.9980964
-0.02089693,-0.004162109,-0.075788,0.9968963
-0.02910832,-0.005411066,-0.09544139,0.9949947
-0.03590899,-0.009505513,-0.111301,0.9930923
-0.03567684,-0.00971183,-0.1240443,0.9915876
-0.03647343,-0.007692254,-0.1333313,0.9903703
-0.03917467,-0.001773474,-0.1408839,0.9892491
-0.03853714,-0.0008016857,-0.1437286,0.9888662
-0.03579686,0.001508377,-0.1510181,0.9878814
-0.0225616,0.009531754,-0.1485251,0.9886053
-0.02126248,0.01152278,-0.1489125,0.9885545
-0.02301417,0.008131135,-0.1449568,0.9891369
-0.0276013,0.005581885,-0.1417771,0.989498
-0.03597251,-0.002168514,-0.1382383,0.9897431
-0.05457502,0.0002906695,-0.1334336,0.9895539
-0.07770786,0.008192871,-0.1216471,0.989493
-0.08920718,0.005928259,-0.1075234,0.9901745
-0.09573928,0.010079,-0.08214326,0.99196
-0.110117,0.01926366,-0.07227816,0.9910999
-0.1084667,0.01947,-0.05269427,0.9925116
-0.1010995,0.0189838,-0.04719405,0.993575
-0.09359422,0.0204195,-0.04661265,0.994309
-0.08223344,0.02224442,-0.0429644,0.995438
-0.06567699,0.02954652,-0.03196185,0.9968911
-0.05858423,0.02614192,-0.01610492,0.9978102
-0.05407729,0.01842345,0.002271587,0.9983642
-0.04028826,0.01398271,0.017915,0.9989296
-0.03937774,-0.003139918,0.02718036,0.9988497
-0.0287222,-0.01222477,0.03864504,0.9987654
-0.02340625,-0.03045802,0.05215489,0.9978999
-0.01875489,-0.04562324,0.06203651,0.9968541
-0.001243272,-0.05676734,0.06631013,0.9961822
0.0103337,-0.07573442,0.07131505,0.9945208
0.02064715,-0.07735444,0.06642297,0.9945742
0.02930819,-0.07416759,0.05936651,0.9950456
0.03557345,-0.06851744,0.05147648,0.9956856
0.04285057,-0.06344842,0.05167207,0.9957249
0.04623337,-0.05968417,0.03455949,0.9965469
0.04855643,-0.04461798,0.02938727,0.9973906
0.04103965,-0.04353164,0.02360711,0.9979295
0.03647657,-0.04841342,0.001164756,0.9981605
0.02748682,-0.04968339,-0.01530702,0.9982694
0.01411458,-0.05308304,-0.02868303,0.9980782
0.01223161,-0.05634703,-0.04574206,0.9972879
0.006558568,-0.06194377,-0.06719395,0.9957936
0.003112731,-0.06207773,-0.07892956,0.9949406
-0.003124537,-0.06204485,-0.08263203,0.994642
-0.005185313,-0.05391919,-0.08856824,0.9945961
-0.01035585,-0.05484309,-0.08687531,0.9946546
-0.01400917,-0.05379125,-0.08523573,0.9948091
-0.008201908,-0.05381183,-0.08022965,0.995289
-0.00989164,-0.04750292,-0.07434434,0.9960515
-0.02198235,-0.02992909,-0.07287052,0.9966498
-0.02401044,-0.009748935,-0.05944865,0.997895
-0.0238152,0.008392388,-0.05237126,0.9983084
-0.02161876,0.01382447,-0.04824549,0.9985058
-0.02041809,0.006163577,-0.03010212,0.9993193
-0.02271081,0.001171406,-0.01503437,0.9996283
-0.01736712,-0.01003271,0.01846539,0.9996283
-0.0112362,-0.01747237,0.02551618,0.9994586
-0.003749352,-0.01855707,0.02036178,0.9996135
0.004091478,-0.02517068,0.03197693,0.9991633
0.01194332,-0.0290847,0.050279,0.9982402
0.01543662,-0.0319537,0.06712096,0.9971135
0.01465473,-0.03099697,0.06610474,0.9972234
0.01807811,-0.03370302,0.06147012,0.997376
0.01703074,-0.03744384,0.04999247,0.9979022
0.01337029,-0.03669308,0.0379038,0.998518
0.01834092,-0.03713582,0.01651577,0.9990054
0.01738042,-0.03289311,0.004177259,0.9992989
0.01762712,-0.02402323,0.003952293,0.9995483
0.02339508,-0.0111046,0.00566544,0.9996486
0.0283327,0.00557277,-0.002217219,0.9995806
0.03469109,0.02120287,-0.002893116,0.9991689
0.0331969,0.01276861,0.01170899,0.9992987
0.03806893,-0.01355767,0.002927956,0.9991788
0.03927681,-0.01083058,0.006842341,0.9991462
0.0441551,-0.004219281,0.02258891,0.9987604
0.04193236,-0.0003014976,0.01676418,0.9989797
0.04495132,0.009012817,0.01152286,0.998882
0.04067709,0.01486378,0.009468126,0.999017
0.03319027,0.01663232,0.003858647,0.9993032
0.03179933,0.01686701,-0.002807471,0.999348
0.03159326,0.007257152,-0.02566016,0.999145
0.02478883,-0.005120284,-0.03159399,0.9991802
0.02580721,-0.01520889,-0.03093209,0.9990726
0.02718943,-0.03479087,-0.03594063,0.998378
0.03161693,-0.04577417,-0.04026949,0.9976389
0.02884479,-0.05230879,-0.04926105,0.9969981
0.02897076,-0.05798258,-0.05167218,0.9965584
0.02958701,-0.05688558,-0.05371602,0.9964955
0.0284129,-0.05153657,-0.05747527,0.9966109
0.03368435,-0.04842824,-0.05949043,0.9964843
0.03140493,-0.04358865,-0.06168792,0.9966485
0.02983389,-0.03533999,-0.0646704,0.9968343
0.030621,-0.03698911,-0.05535465,0.9973114
0.00948483,-0.03143098,-0.03669979,0.9987869
-0.02376883,-0.02621986,-0.03103237,0.9988917
-0.03743361,-0.01782304,-0.02113815,0.9989166
-0.03974921,-0.01747151,-0.02204604,0.9988136
-0.04082967,-0.01536909,-0.01331833,0.9989592
-0.04341034,-0.01583491,-0.00393926,0.9989241
-0.04594843,-0.01553481,0.01073941,0.9987652
-0.04712131,-0.0160045,0.008908387,0.9987213
-0.05742992,-0.01432898,0.01615163,0.998116
-0.05368551,-0.01104445,0.01126341,0.9984333
-0.04351183,-0.008087829,-0.02068175,0.998806
-0.03729352,0.003304887,-0.06492703,0.9971874
-0.03374143,0.0164356,-0.08232433,0.9958987
-0.03575204,0.03058894,-0.09947914,0.9939265
-0.03763951,0.03563432,-0.1076888,0.9928325
-0.03316946,0.04629928,-0.127232,0.9902365
-0.03487178,0.058946,-0.147535,0.9866827
-0.03731166,0.07500467,-0.1702256,0.9818377
-0.04301403,0.09402549,-0.1915328,0.9760246
-0.05017596,0.1240755,-0.2074134,0.9690549
-0.05747855,0.1487342,-0.2045165,0.9657885
-0.05815427,0.1594533,-0.1922476,0.9665576
-0.06526071,0.1546635,-0.179205,0.9693843
-0.07145759,0.1445542,-0.179615,0.970431
-0.07786022,0.1264718,-0.180164,0.9723598
-0.08332403,0.09596414,-0.1807024,0.9752921
-0.08214948,0.06125696,-0.1853154,0.9773214
-0.07619058,0.03349876,-0.1899438,0.9782608
-0.06849325,0.02163886,-0.1896327,0.9792241
-0.06390126,0.003944721,-0.1843391,0.9807753
-0.06436094,-0.01839896,-0.1746892,0.9823456
-0.05886158,-0.03161284,-0.1632438,0.9843208
-0.05156735,-0.03910068,-0.1572073,0.985443
-0.05654438,-0.05050842,-0.1492879,0.9858828
-0.06408425,-0.05485703,-0.1250394,0.9885591
-0.03242455,-0.04134006,-0.1152801,0.9919425
-0.05804447,-0.06825908,-0.150495,0.984542
-0.04464016,-0.0601156,-0.1430593,0.9868777
-0.03487768,-0.0524678,-0.09507369,0.9934745
-0.03315577,-0.0495975,-0.06893869,0.9958354
-0.01500557,-0.0407814,-0.08891199,0.9950911
-0.03094843,-0.03799589,-0.05571713,0.9972432
-0.02799928,-0.03390386,-0.03696997,0.9983486
-0.03243696,-0.03284019,-0.02918695,0.9985076
-0.03234125,-0.0400155,-0.009652893,0.9986289
-0.02764055,-0.04389811,-0.002091648,0.9986514
-0.0155111,-0.04965636,0.00845105,0.9986101
-0.008037125,-0.05476599,0.01639087,0.9983323
0.001893801,-0.048494,0.006870622,0.998798
0.003417881,-0.04003468,0.01107662,0.9991311
0.008390777,-0.03560372,0.01586734,0.9992048
0.003997322,-0.02625137,0.021412,0.999418
0.001007562,-0.01596362,0.02224354,0.9996246
0.00211354,-0.008456159,0.01518338,0.9998468
0.002364981,-0.004637679,0.004807788,0.9999748
0.007618432,0.001614547,-0.0112079,0.9999068
0.006139901,-0.0004134614,-0.02959634,0.999543
0.00372281,-0.001093628,-0.04398155,0.9990248
-0.004995004,-0.004420113,-0.05291113,0.998577
0.004698098,-0.01645586,-0.04866914,0.9986683
-0.0121972,-0.02632502,-0.04543127,0.998546
-0.01062381,-0.02702007,-0.04044991,0.9987596
-0.01006592,-0.02562282,-0.0498739,0.998376
0.009806074,-0.02176551,-0.04386489,0.9987523
0.01499397,-0.01721543,-0.03474002,0.9991356
0.01890842,-0.02274949,-0.02094861,0.9993429
0.02438775,-0.03181111,-0.003072928,0.9991916
0.0274776,-0.04511021,0.01616469,0.9984733
0.03242016,-0.04920524,0.01774984,0.9981046
0.02812842,-0.074279,0.008226569,0.9968069
0.0161926,-0.0750887,0.01264869,0.9969651
0.04649521,-0.07801229,-0.0101872,0.9958155
0.01919387,-0.0726986,-0.03444274,0.9965742
0.009722983,-0.06818658,-0.01508035,0.9975112
0.008709553,-0.06415959,0.01419197,0.9978008
0.0326088,-0.06611368,0.02634198,0.9969311
0.03344106,-0.07722904,0.0320457,0.9959369
0.04949884,-0.09787088,0.04681371,0.9928643
0.04706776,-0.1170408,0.04466185,0.9910052
0.04536772,-0.133421,0.04715005,0.9888971
0.04633632,-0.1371837,0.06216807,0.9875064
0.04965722,-0.1378024,0.0692677,0.9867861
0.04872967,-0.1479352,0.07525361,0.9849251
0.05749593,-0.1346649,0.07182946,0.9866104
0.06577761,-0.1281573,0.06183863,0.987636
0.07520673,-0.11104,0.05759174,0.9892913
0.08576293,-0.09352872,0.05283743,0.9905076
0.09082272,-0.09385883,0.03716188,0.9907376
0.1035055,-0.06594237,0.0210647,0.9922169
0.1125648,-0.05407579,-0.008203936,0.9921379
0.1169094,-0.05609594,-0.05155507,0.9902159
0.1201076,-0.05611935,-0.07605561,0.9882511
0.1223642,-0.0517307,-0.08688922,0.9873202
0.121724,-0.04948024,-0.09504744,0.9867628
0.1091737,-0.06135529,-0.09622354,0.9874501
0.09087575,-0.07236796,-0.08829291,0.9892971
0.0741483,-0.07426068,-0.06979191,0.9920264
0.07067665,-0.0686131,-0.04825797,0.9939658
0.06830978,-0.06105454,-0.02572765,0.9954618
0.06615199,-0.04225434,-0.00786238,0.9968835
0.04696506,-0.02473524,-0.0007577115,0.99859
0.01669157,-0.01387274,-0.003894749,0.9997568
-0.00839538,-0.005692658,0.001041918,0.999948
-0.0130704,-0.016343,0.01517731,0.9996657
-0.007707474,-0.02913388,0.02065225,0.9993324
-0.02219939,-0.0270845,0.0175061,0.9992332
-0.02738514,-0.02075433,0.04606372,0.9983474
-0.02425089,-0.01019828,0.07035716,0.9971749
-0.014437,-0.0176695,0.07439632,0.9969676
0.004875784,-0.03181833,0.07221468,0.9968696
0.01238117,-0.04021663,0.07218023,0.9965036
0.01205667,-0.0444121,0.06813444,0.9966142
0.01908448,-0.0479029,0.07104176,0.9961396
0.03357648,-0.05781722,0.06641513,0.9955495
0.03175339,-0.06763747,0.06131809,0.9953175
0.03764802,-0.05628947,0.05751489,0.9960452
0.02285584,-0.05861522,0.05134484,0.9966973
0.02627214,-0.06084988,0.03944068,0.9970213
0.01964388,-0.05585153,0.02175019,0.9980088
0.0135115,-0.04661777,0.00713438,0.998796
0.01711048,-0.03385369,-0.002918793,0.999276
0.01727684,-0.03100804,-0.01284595,0.9992872
0.01261578,-0.03493508,-0.04820316,0.9981467
0.01097477,-0.05303961,-0.07362217,0.9958143
0.004103022,-0.05078187,-0.08109839,0.9954032
0.005381307,-0.04453185,-0.08457923,0.9954066
-0.006598234,-0.03907868,-0.1005311,0.9941443
-0.005044685,-0.05185407,-0.1103796,0.992523
-0.01284084,-0.06087207,-0.1075218,0.9922543
-0.02218881,-0.06292987,-0.1073391,0.9919809
-0.02479041,-0.06234713,-0.1049719,0.9922092
-0.02972694,-0.05882337,-0.1002853,0.9927735
-0.04102198,-0.05447368,-0.09074505,0.9935367
-0.04181427,-0.04607981,-0.09087903,0.9939162
-0.03783529,-0.02892312,-0.06492769,0.996753
-0.05330131,-0.005141032,-0.05838078,0.9968572
-0.04722259,0.007720766,-0.0308879,0.9983768
-0.04359882,0.004410477,-0.01717112,0.9988917
-0.05011667,0.0005379254,-0.02971615,0.998301
-0.04422647,-0.002472747,-0.0156869,0.9988952
-0.03561689,-0.005256935,-0.004085719,0.9993433
-0.03914713,-0.00798458,0.002081168,0.9991994
-0.02573887,-0.01507486,0.01217712,0.9994809
-0.02977476,-0.01311408,0.01774384,0.9993131
-0.02339537,-0.01963831,0.03353271,0.9989708
-0.01715413,-0.01495958,0.04109657,0.9988959
-0.01380354,-0.01311816,0.04815457,0.9986584
-0.01210225,-0.0143649,0.06138537,0.9979373
-0.006355514,-0.007282836,0.05280254,0.9985582
-0.001811317,-0.00194805,0.04734028,0.9988753
-0.01216713,0.004301181,0.02437152,0.9996196
-0.006208973,0.0101575,0.006544556,0.9999077
-0.01877525,0.01709192,-0.01707727,0.9995317
-0.02114443,0.03233708,-0.01363147,0.9991603
-0.01688664,0.04843701,-0.003945987,0.9986757
-0.01252906,0.04226588,-0.01642184,0.9988928
-0.01838133,0.03550591,-0.01713356,0.9990535
-0.01631187,0.02283252,-0.02688663,0.9992445
-0.01429271,0.01334462,-0.03840989,0.9990707
-0.01782295,0.00715219,-0.04853009,0.998637
-0.02417491,-0.0004783861,-0.05633841,0.9981188
-0.01894378,-0.01259153,-0.05777841,0.9980702
-0.02687039,-0.03325873,-0.06718511,0.996824
-0.02441502,-0.04432677,-0.05819297,0.997022
-0.02607813,-0.05228896,-0.05733415,0.9966436
-0.02926454,-0.06135123,-0.05467872,0.9961877
-0.03044592,-0.06562792,-0.05026389,0.9961122
-0.03187486,-0.07281632,-0.03518201,0.9962149
-0.03835284,-0.06516546,-0.03713593,0.9964454
-0.02885109,-0.07259986,-0.03204425,0.9964287
-0.03294108,-0.07277296,-0.012289,0.9967287
-0.03602839,-0.06801694,-0.005488673,0.9970184
-0.04145322,-0.06148538,0.01106766,0.9971854
-0.03465152,-0.05627909,0.003853235,0.9978061
-0.03138524,-0.06195688,0.0158961,0.9974586
-0.02408185,-0.06931125,0.03468879,0.9967009
-0.01564685,-0.06936969,0.05332952,0.9960417
-0.01593159,-0.0718722,0.06596638,0.9951026
-0.009955138,-0.07902084,0.07611529,0.993913
-0.00486156,-0.08444071,0.08874654,0.9924566
0.00548794,-0.08481316,0.09508362,0.9918345
0.00232531,-0.08097126,0.09684172,0.991998
0.00791222,-0.07566415,0.09831087,0.9922435
0.009660708,-0.06599852,0.09764127,0.992984
0.01138825,-0.05509121,0.09633035,0.9937584
0.02033637,-0.04421967,0.09849481,0.9939466
0.02108902,-0.03172934,0.09255912,0.994978
0.02450254,-0.01784747,0.09745547,0.9947781
0.02068382,-0.00475759,0.1004937,0.9947113
0.02533183,0.01565441,0.1032084,0.9942139
0.02164069,0.02014649,0.1000505,0.9945429
0.01490369,0.01751904,0.05340209,0.9983082
0.01279009,0.007912527,0.03630166,0.9992276
0.01004241,-0.0005244135,0.05333778,0.9985259
-0.001526934,0.003535001,0.03043717,0.9995293
8.321558E-05,0.001756437,0.01451834,0.9998931
0.001761337,0.000663409,-0.0006194485,0.999998
-0.00207514,0.00354834,-0.01313331,0.9999053
-0.003751229,0.003246194,-0.006985473,0.9999632
-0.004487555,0.0009216709,-0.01932079,0.9998028
-0.004728016,-0.001238709,-0.009699196,0.9999411
-0.002275893,-0.00105805,-0.002617694,0.9999934
0.001681041,0.009915953,-0.00284095,0.9999453
0.001230761,0.01981499,0.006943357,0.9997788
0.001083383,0.02610335,0.0056506,0.9996427
0.0009008604,0.03366193,0.003819195,0.9994256
-0.001080283,0.02827976,0.00568244,0.9995833
0.0118443,0.008751898,0.02636741,0.9995438
0.004344577,-0.00343968,0.01879707,0.9998079
0.007502445,-0.01255016,0.02657448,0.9995399
0.01303854,-0.02109633,0.04748539,0.998564
0.01764177,-0.02548186,0.04690798,0.9984183
0.02424834,-0.02627932,0.05651612,0.9977612
0.03167485,-0.02749454,0.07648945,0.9961877
0.02854729,-0.02919769,0.08293669,0.9957178
0.02724921,-0.02883383,0.08645271,0.9954658
0.02968985,-0.01958548,0.08855996,0.9954356
0.02624584,-0.02022909,0.08878437,0.9954995
0.02258911,-0.01129173,0.08790861,0.9958084
0.02925519,-0.004920646,0.07629445,0.9966439
0.02890647,0.005246485,0.1003396,0.9945194
0.03002339,0.01174989,0.1330923,0.9905791
0.04746129,0.03203601,0.1084735,0.9924488
0.05123137,0.03074811,0.1161984,0.9914272
0.05149378,0.0277089,0.0881312,0.994391
0.0446841,0.02621622,0.01999005,0.9984571
0.03806005,0.02206618,0.03766178,0.9983216
0.03494438,0.02098224,0.03702597,0.9984826
0.01590092,0.01720965,0.01499192,0.999613
0.02409242,0.01403755,-0.003567203,0.9996048
0.004012563,0.01215423,-0.006443055,0.9998974
-0.0187657,0.004614918,-0.009971999,0.9997635
-0.04298471,-0.007496228,-0.01629314,0.9989147
-0.06745562,-0.0174748,-0.02453729,0.9972674
-0.0878386,-0.02790036,-0.03859827,0.9949956
-0.1014347,-0.04359136,-0.05217773,0.9925162
-0.1088695,-0.0574303,-0.06341137,0.9903677
-0.1242775,-0.06474833,-0.06195555,0.9881924
-0.130115,-0.07798947,-0.0656675,0.9862431
-0.1283123,-0.08800982,-0.06365032,0.985768
-0.1301198,-0.09423153,-0.06476387,0.9848831
-0.1340773,-0.09510522,-0.05810431,0.9846838
-0.1372161,-0.09416831,-0.04438657,0.9850553
-0.1402299,-0.07578844,-0.02802455,0.9868162
-0.1395375,-0.05901556,-0.01699227,0.9883106
-0.1398068,-0.04498992,-0.003308439,0.9891506
-0.1372922,-0.04958893,0.001138536,0.9892879
-0.1309078,-0.05115681,0.01764619,0.9899165
-0.1231527,-0.04370615,0.03991222,0.9906212
-0.1043442,-0.05514529,0.04948214,0.9917776
-0.09388015,-0.05259249,0.05962638,0.9924037
-0.08164843,-0.0521134,0.07180855,0.992704
-0.06327968,-0.05922275,0.07917756,0.9930857
-0.05052992,-0.06608374,0.08231355,0.9931284
-0.03338934,-0.06923845,0.08027036,0.9938048
-0.02501643,-0.06395995,0.08002675,0.994424
-0.01204105,-0.05472652,0.07715518,0.9954432
-0.004761252,-0.03757326,0.07687964,0.9963208
0.01057926,-0.0238432,0.07262719,0.997018
0.005373723,-0.006943244,0.07868692,0.9968607
0.01134095,0.000190257,0.0784498,0.9968535
0.01488119,0.01619916,0.07788841,0.9967194
0.008334137,0.02068684,0.06939531,0.9973398
0.006389891,0.01234699,0.02308804,0.9996368
0.00137501,0.001248987,-0.009860457,0.9999497
-0.009881595,-0.005104295,-0.007283249,0.9999117
-0.0252675,-0.01164633,-0.02324961,0.9993425
-0.03057911,-0.01175803,-0.04419836,0.9984854
-0.03144896,-0.02632337,-0.05546334,0.9976181
-0.03730895,-0.04870342,-0.06152019,0.9962185
-0.0400021,-0.07254355,-0.06583007,0.994386
-0.0400099,-0.08401875,-0.06048834,0.9938216
-0.03937994,-0.09587209,-0.05445518,0.9931226
-0.04497021,-0.0992384,-0.06147255,0.9921444
-0.03977278,-0.1018985,-0.06205047,0.9920608
-0.03675137,-0.1066196,-0.07615,0.9906982
-0.03353632,-0.1047678,-0.06962632,0.9914895
-0.04256353,-0.09893281,-0.0621778,0.9922372
-0.03708386,-0.09338041,-0.0438117,0.9939746
-0.0520884,-0.08514149,-0.0185843,0.9948328
-0.04653351,-0.06814154,-0.006561264,0.9965683
-0.04969487,-0.05658285,0.002669368,0.9971568
-0.04276892,-0.0551902,0.008808788,0.9975205
-0.04099944,-0.05618867,0.01844182,0.9974076
-0.026965,-0.05973221,0.03029381,0.9973902
-0.02277042,-0.05686336,0.04521304,0.9970977
-0.02198428,-0.05733912,0.05716788,0.9964741
-0.01175168,-0.06396911,0.07135612,0.9953281
-0.005008562,-0.06633221,0.08357299,0.9942788
0.001150155,-0.06825909,0.09142777,0.9934689
0.007428238,-0.07015378,0.1000674,0.9924766
0.0128115,-0.0665545,0.1058906,0.9920653
0.01679114,-0.06638311,0.1101391,0.9915547
0.02129073,-0.05997715,0.1175097,0.9910302
0.02449999,-0.05030227,0.1183064,0.9913996
0.03088249,-0.03739952,0.1156987,0.9920995
0.03123226,-0.02703402,0.1126751,0.9927729
0.02819057,-0.01257343,0.104052,0.9940928
0.02539692,0.001913863,0.1013816,0.9945215
0.02145163,0.0101714,0.08090089,0.9964395
0.01299151,0.005900075,0.04319349,0.9989648
0.01350014,0.0005912352,0.01786456,0.9997491
0.014099,-0.005085665,-2.69376E-05,0.9998876
0.008265664,-0.0174177,-0.04284116,0.9988959
-0.0003982119,-0.02790299,-0.05050129,0.9983341
-0.005203743,-0.02905623,-0.0497529,0.9983253
-0.01105982,-0.03712343,-0.06309217,0.9972557
-0.02184571,-0.05093041,-0.08026732,0.9952317
-0.01247944,-0.05346079,-0.08008302,0.9952753
-0.016337,-0.05945601,-0.08071771,0.994828
-0.01429901,-0.05622497,-0.06476934,0.9962124
-0.01954547,-0.0605331,-0.063449,0.9959558
-0.009499943,-0.05244571,-0.04143736,0.9977185
-0.01292638,-0.05153268,-0.02327413,0.9983163
-0.01735376,-0.0311763,-0.03142291,0.9988691
-0.02990849,-0.01383743,-0.04071356,0.9986273
-0.04647519,-0.008155409,-0.04468956,0.9978859
-0.01242712,-0.005593567,-0.04895251,0.9987081
0.02092124,-0.0230985,-0.04205632,0.998629
0.01517042,-0.03078496,-0.002163656,0.9994086
0.02031033,-0.04711872,0.0505333,0.9974035
0.02472079,-0.05578241,0.02623502,0.9977921
0.02095836,-0.0604183,0.02704575,0.9975865
0.0295019,-0.05656904,0.0361916,0.9973062
0.03190698,-0.05285859,0.02380844,0.9978082
0.03735168,-0.04632616,0.01601797,0.9980993
0.02676769,-0.04460557,0.01279103,0.9985641
0.01983779,-0.03923784,0.008254639,0.9989988
0.02997684,-0.0187845,-0.003498718,0.999368
0.03103035,0.002413031,-0.009023316,0.9994748
0.02514601,0.01574501,-0.01160233,0.9994924
0.02326506,0.04189498,-0.007247154,0.9988248
0.02282007,0.05074525,0.01705499,0.9983052
0.01925285,0.05328042,0.02752039,0.9980146
0.01889757,0.0538375,0.02513079,0.9980546
0.007269813,0.04485947,0.01461196,0.9988599