0.01007676,-0.3023545,-0.02729767,0.9527513
0.2214034,-0.2237045,-0.2611549,0.9125432
0.2164184,-0.2320178,-0.249121,0.9150243
0.2193578,-0.2399933,-0.2451162,0.9133473
0.2143339,-0.2340697,-0.2477241,0.9153716
0.2025818,-0.2373994,-0.2391265,0.9194676
0.1979909,-0.2446004,-0.231288,0.9205846
0.1909004,-0.2479549,-0.2206362,0.9237939
0.1880714,-0.2641759,-0.2014658,0.9242574
0.1789327,-0.2730997,-0.1922953,0.9254308
0.1746295,-0.2865165,-0.1787961,0.9249027
0.1752935,-0.3002618,-0.1704591,0.9219862
0.1837763,-0.3014611,-0.175185,0.9190526
0.188031,-0.2815192,-0.1911353,0.9213352
0.1959705,-0.2925051,-0.1915765,0.9161522
0.1923221,-0.2956671,-0.185242,0.9172125
0.1911469,-0.3139553,-0.1759586,0.9131995
0.2038834,-0.3152746,-0.1809406,0.9090071
0.2023318,-0.3107746,-0.1888897,0.9092863
0.206039,-0.3130119,-0.19369,0.9066728
0.1958364,-0.3108591,-0.2018802,0.9078872
0.2284268,-0.3110192,-0.2098893,0.8983512
0.2381057,-0.3083206,-0.2195141,0.8944594
0.25407,-0.2976688,-0.2521948,0.8850083
0.2556975,-0.2790623,-0.2867747,0.8800587
0.2838705,-0.2572344,-0.2949777,0.8753492
0.3310735,-0.2403911,-0.2872207,0.866087
0.3594406,-0.2453657,-0.2579582,0.8625866
0.3836178,-0.2335563,-0.2553944,0.8561908
0.4084572,-0.2194692,-0.2518336,0.8494562
0.4177078,-0.2138388,-0.2460059,0.8481004
0.4079685,-0.2070892,-0.2468539,0.8542476
0.4333972,-0.1829016,-0.2604025,0.8431515
0.4662133,-0.1461042,-0.2844087,0.8248698
0.4814814,-0.1105375,-0.3086131,0.8128439
0.4801568,-0.0881241,-0.3249656,0.8099883
0.4820727,-0.06609568,-0.3412574,0.8042268
0.4805051,-0.04502748,-0.3604652,0.7982182
0.4773892,-0.03411302,-0.3716243,0.7955069
0.4722463,-0.02674919,-0.3824214,0.7937391
0.4655595,-0.02832583,-0.3877807,0.7950333
0.4633122,-0.03327413,-0.3903189,0.7949125
0.4590663,-0.04771695,-0.3867153,0.7983936
0.4610192,-0.04954481,-0.3849425,0.7980138
0.4597712,-0.04939187,-0.3918797,0.7953622
0.4723345,-0.02933195,-0.3977467,0.7860262
0.477048,-0.00901705,-0.4083202,0.7782148
0.4605129,-0.002523243,-0.4249127,0.7793398
0.4419094,-0.01765911,-0.4310577,0.7865071
0.4303635,-0.02556911,-0.433965,0.7910801
0.4303384,-0.02337775,-0.4399508,0.7878488
0.4235859,-0.03082493,-0.4470626,0.7872483
0.4122696,-0.0363567,-0.4511803,0.7906632
0.4097717,-0.03685799,-0.4583022,0.7878374
0.415262,-0.0338628,-0.463275,0.7821681
0.4215553,-0.03402527,-0.4684703,0.7756732
0.4293346,-0.03006789,-0.4738258,0.7682818
0.4364645,-0.02270943,-0.480751,0.7601719
0.4353454,-0.01840846,-0.484519,0.758536
0.4314559,-0.01720434,-0.4855758,0.7601092
0.4325798,-0.008180544,-0.4823842,0.7616516
0.4248289,-0.01164138,-0.4762909,0.7697609
0.4190732,-0.01593216,-0.469107,0.7772146
0.408589,-0.02162385,-0.4612068,0.7873218
0.3837799,-0.01555912,-0.465747,0.7972143
0.3785217,-0.01679531,-0.4641393,0.8006335
0.3861529,-0.003215641,-0.477126,0.7894469
0.3899117,0.0009735823,-0.4836148,0.7836356
0.3854094,0.004427731,-0.4861763,0.7842656
0.3734776,0.003559932,-0.4843411,0.7911482
0.3632887,0.0002326965,-0.4849361,0.7955239
0.3635861,-0.001095146,-0.4859064,0.7947949
0.3660021,-0.01792175,-0.4754064,0.7998187
0.371614,-0.01756348,-0.4702167,0.8003067
0.3701071,-0.02381551,-0.4613969,0.8059569
0.3587821,-0.01691632,-0.4696688,0.8064741
0.3522632,-0.01408327,-0.4706267,0.8088403
0.3549541,-0.02472183,-0.4625192,0.812079
0.3599256,-0.02291696,-0.4614474,0.8105521
0.3552631,-0.01190269,-0.4603961,0.8134383
0.3419172,-0.0002575815,-0.4571514,0.8210391
0.3247662,0.009143248,-0.4486794,0.8325443
0.3050096,0.01977366,-0.4385051,0.8451577
0.2915383,0.03173348,-0.4306721,0.8535338
0.2864535,0.03514764,-0.4248307,0.8580372
0.284726,0.04051572,-0.4201679,0.8606675
0.2825749,0.04303663,-0.41617,0.8631928
0.282544,0.04135398,-0.4118864,0.8653371
0.2844479,0.03566594,-0.4099229,0.8658987
0.2870943,0.03156935,-0.4144269,0.8630357
0.2847508,0.02662955,-0.4198095,0.8613756
0.2844422,0.0239068,-0.4239395,0.8595327
0.2831516,0.02019994,-0.4300593,0.8570101
0.2799239,0.01712514,-0.4321938,0.8570635
0.279725,0.01403487,-0.4327263,0.856916
0.2771126,0.009494893,-0.4307824,0.8588043
0.2761784,0.002306722,-0.4286189,0.860236
0.2762142,-0.007063732,-0.4211436,0.863883
0.2721962,-0.01601459,-0.4208764,0.865168
0.2723203,-0.0248171,-0.4220201,0.8643638
0.2716724,-0.02819114,-0.4269652,0.8620325
0.2704264,-0.03151395,-0.4297549,0.8609223
0.2658985,-0.03457206,-0.4377519,0.8581818
0.2562674,-0.03274837,-0.448086,0.8558467
0.2488399,-0.03035837,-0.4570585,0.8533784
0.2371779,-0.02555016,-0.4647564,0.8526989
0.2287185,-0.01984975,-0.4725615,0.8508699
0.2229628,-0.01090803,-0.4823318,0.8470683
0.2125562,0.005943,-0.4958549,0.8419694
0.2053771,0.02335118,-0.5073928,0.836557
0.1958321,0.04488586,-0.5143679,0.833703
0.1932747,0.06396914,-0.5224422,0.8280139
0.1873325,0.08028486,-0.5319919,0.8218549
0.1820455,0.09674407,-0.5504777,0.8089958
0.1761648,0.1165126,-0.5657033,0.7971013
0.1619369,0.1301391,-0.5855891,0.783534
0.1474707,0.1320719,-0.6015763,0.7738962
0.132662,0.13343,-0.60583,0.7730247
0.1279138,0.1558715,-0.601657,0.7728848
0.1351201,0.1389211,-0.5916781,0.7825347
0.1567109,0.133695,-0.5774657,0.7900006
0.1647636,0.1313209,-0.5715158,0.793081
0.1754674,0.1288051,-0.5627812,0.797432
0.1899599,0.1205268,-0.5557694,0.8003179
0.1992177,0.1161864,-0.5489544,0.8034066
0.2117797,0.1145306,-0.5379245,0.8078796
0.223218,0.1089055,-0.5325606,0.8091308
0.225325,0.1067484,-0.5309452,0.8098953
0.2402122,0.09804816,-0.5221174,0.8124518
0.2451399,0.09084609,-0.518639,0.8140436
0.2553324,0.07975875,-0.5058673,0.8200867
0.2570399,0.07711811,-0.5026192,0.8218012
0.2751462,0.06324959,-0.4775119,0.8320315
0.2754543,0.05904242,-0.46853,0.8373282
0.289548,0.04635375,-0.4479176,0.8446201
0.3150079,0.01541852,-0.4247357,0.8486059
0.3115316,-0.002492771,-0.4139519,0.8553277
0.3129362,-0.006028682,-0.4143917,0.8545842
0.3259791,0.002069905,-0.432133,0.8408296
0.3256527,0.006807417,-0.4593079,0.8264019
0.3312479,0.01677857,-0.4723523,0.8166252
0.3346317,0.01534684,-0.4735585,0.8145726
0.3321389,0.02079016,-0.4834892,0.8096232
0.3344184,0.02595617,-0.4814397,0.8097569
0.3337485,0.02658801,-0.4823471,0.8094729
0.3361634,0.03408882,-0.4795589,0.8098489
0.3329221,0.03723706,-0.4843626,0.8081888
0.3397409,0.0252986,-0.4720365,0.8130914
0.3458802,0.00682877,-0.4669865,0.8137836
0.3532757,-0.01102707,-0.4575803,0.8159013
0.3683246,-0.02464205,-0.4492427,0.813579
0.3767412,-0.03684516,-0.4503686,0.8086262
0.3886689,-0.04396619,-0.4461267,0.8049685
0.397287,-0.04950616,-0.4415061,0.8029847
0.4008085,-0.05308534,-0.4367133,0.8036267
0.4022291,-0.05241539,-0.4363554,0.8031553
0.389695,-0.04620811,-0.4362462,0.809748
0.4043221,-0.02598619,-0.4750423,0.7811422
0.3967354,-0.03454641,-0.4588593,0.7942643
0.3851918,-0.03117701,-0.4513433,0.8043286
0.3757639,-0.02999848,-0.452722,0.8080497
0.3814352,-0.02911709,-0.4575531,0.8026859
0.368635,-0.02996768,-0.4618239,0.8061817
0.3612183,-0.02939795,-0.4554597,0.8131505
0.3522641,-0.03146146,-0.4596032,0.8146687
0.3533961,-0.02925852,-0.462239,0.812767
0.3500035,-0.03187448,-0.4621995,0.814158
0.3495743,-0.03147951,-0.468811,0.8105695
0.3429106,-0.03726871,-0.4581792,0.819204
0.3504764,-0.034209,-0.447586,0.8219871
0.3507477,-0.02226822,-0.4429799,0.8247721
0.3559739,0.001263946,-0.4469418,0.8206851
0.3585576,0.01596871,-0.4432316,0.8214178
0.3750116,0.027071,-0.4484059,0.8109042
0.3687599,0.03752115,-0.4347215,0.820747
0.3741897,0.04499498,-0.4475212,0.8109761
0.3726736,0.030518,-0.425806,0.8239371
0.3775053,0.0009728968,-0.4142654,0.8281745
0.3778398,-0.05811685,-0.3783663,0.8430293
0.372409,-0.1204903,-0.3546228,0.8491386
0.368799,-0.1714569,-0.3243383,0.8540459
0.3407718,-0.2035352,-0.3197392,0.8603573
0.3285765,-0.2396974,-0.2838819,0.8683281
0.3186829,-0.2514971,-0.2712382,0.8727086
0.3024741,-0.2733592,-0.258888,0.875649
0.3041781,-0.2622175,-0.2675571,0.87586
0.2983857,-0.2633393,-0.2754214,0.8750779
0.2871998,-0.2689403,-0.2753789,0.8771282
0.2748068,-0.2548219,-0.3088618,0.8741575
0.243724,-0.2554936,-0.3290448,0.8758145
0.2259096,-0.2594242,-0.3490652,0.8716751
0.2105582,-0.2708315,-0.3722997,0.8623853
0.186714,-0.2889933,-0.4194378,0.8400552
0.1568488,-0.285165,-0.5319216,0.7817537
0.05758223,-0.3058598,-0.6278806,0.7133722
0.06187946,-0.3134016,-0.6682785,0.671829
0.05842921,-0.2769938,-0.5859874,0.7592623
0.117877,-0.2622811,-0.4415373,0.8499167
0.2295049,-0.2921713,-0.3262776,0.8691988
0.2626034,-0.3048347,-0.2462046,0.8817589
0.2619108,-0.2939485,-0.25249,0.8838812
0.2606762,-0.2773533,-0.2618461,0.886882
0.2663665,-0.2825687,-0.2595069,0.8842285
0.2731264,-0.3127102,-0.2159002,0.8837429
0.2800305,-0.337382,-0.1838378,0.8797499
0.2832558,-0.3346541,-0.190092,0.8784292
0.27678,-0.3283267,-0.2145853,0.8772386
0.268334,-0.3190492,-0.2365883,0.8776277
0.2506638,-0.3190227,-0.2460048,0.8802692
0.2435299,-0.3263206,-0.249744,0.8785419
0.2461774,-0.3407177,-0.2403644,0.8749474
0.2507331,-0.3471662,-0.2379052,0.8717853
0.2533679,-0.3510714,-0.2365915,0.8698151
0.2301264,-0.3677266,-0.2212154,0.8734316
0.230461,-0.3629306,-0.2057446,0.8791122
0.2267572,-0.3690764,-0.1863352,0.8818407
0.2258083,-0.3743214,-0.1632908,0.8844379
0.2015927,-0.3934978,-0.1324204,0.8871216
0.2108053,-0.405114,-0.1241618,0.8809242
0.2283362,-0.3887073,-0.1404753,0.8814964
0.2516375,-0.3599212,-0.1728533,0.8816218
0.2602154,-0.3261379,-0.2049639,0.885388
0.2662832,-0.3130606,-0.2152403,0.8858656
0.2708116,-0.2990634,-0.2408897,0.8827198
0.2718904,-0.2859819,-0.2710865,0.8779534
0.2687405,-0.272195,-0.2859423,0.8785929
0.2617526,-0.2583654,-0.2895725,0.8836744
0.2649105,-0.2500124,-0.282734,0.887343
0.2656552,-0.23449,-0.301812,0.8850713
0.2679177,-0.2319537,-0.3075325,0.8830863
0.2788919,-0.2224124,-0.3218165,0.8770326
0.2955641,-0.2128756,-0.3327813,0.8698175
0.3073304,-0.2040647,-0.3431793,0.8637902
0.3320655,-0.1948441,-0.3532959,0.8526138
0.3453661,-0.1613049,-0.3850232,0.8405119
0.3365581,-0.1320401,-0.4256065,0.82955
0.3556145,-0.116732,-0.4370407,0.8178676
0.3816316,-0.1038472,-0.4376856,0.8074679
0.4001896,-0.08645372,-0.4459468,0.7959306
0.4000453,-0.07508263,-0.4638426,0.7868775
0.3967052,-0.07295732,-0.4705948,0.7847565
0.3770934,-0.08423826,-0.4671778,0.7952668
0.3759563,-0.09348798,-0.4411164,0.8095264
0.382964,-0.08291228,-0.4351019,0.8106482
0.3823374,-0.06831968,-0.4464791,0.8061062
0.3848979,-0.04965392,-0.4580784,0.79972
0.380287,-0.03891014,-0.468827,0.7962845
0.3751328,-0.02703957,-0.4816766,0.7915376
0.3689295,-0.02078973,-0.4885317,0.7904401
0.3616507,-0.01083663,-0.5007818,0.7863263
0.3556009,-0.01195568,-0.5023207,0.7880856
0.3475019,-0.01039611,-0.5059172,0.7894189
0.3402761,-0.01387985,-0.5092512,0.7903687
0.3384179,-0.01982616,-0.5041641,0.7942913
0.3389061,-0.01998363,-0.5024595,0.795159
0.3337103,-0.02060768,-0.506048,0.7950649
0.3505067,0.005795226,-0.5192975,0.7793854
0.3380816,-0.008570045,-0.5199504,0.7843971
0.3426285,0.01497771,-0.5365558,0.7710313
0.3419583,0.03141215,-0.5554247,0.7573514
0.3369441,0.02838092,-0.560157,0.7562323
0.3415067,-0.008292779,-0.5347009,0.7729161
0.3377892,-0.02124111,-0.5292433,0.7780416
0.3336499,-0.0301123,-0.5277274,0.7805606
0.3326081,-0.0334283,-0.5299194,0.7793844
0.3383248,-0.03824048,-0.5265128,0.7790111
0.3440804,-0.04531866,-0.518728,0.7813296
0.3488074,-0.05407843,-0.506438,0.7867208
0.3564846,-0.06233698,-0.4907331,0.7925994
0.3638177,-0.06778559,-0.4803644,0.7951679
0.3671478,-0.07175612,-0.4703194,0.799283
0.3659874,-0.07828054,-0.4543293,0.8083998
0.3731642,-0.07732421,-0.4401155,0.8130608
0.3848415,-0.07592306,-0.4267172,0.8148897
0.396227,-0.06461211,-0.430257,0.8085223
0.4025008,-0.05565125,-0.4347614,0.8036657
0.4071761,-0.05609055,-0.4298044,0.8039463
0.4079827,-0.05521798,-0.4263618,0.8054295
0.4075193,-0.05635856,-0.4195501,0.8091534
0.4071723,-0.05122145,-0.4170614,0.8109543
0.4027285,-0.05672829,-0.4078109,0.817485
0.4027784,-0.05622506,-0.4100111,0.816394
0.4090441,-0.05469976,-0.4143564,0.8111717
0.4180837,-0.05204818,-0.418017,0.8048347
0.4234524,-0.05807167,-0.4160311,0.8026418
0.4297586,-0.05339155,-0.4235671,0.795643
0.4424064,-0.06337155,-0.4166182,0.7916375
0.4548523,-0.05387813,-0.419536,0.7837066
0.4549734,-0.05540353,-0.4128046,0.7870972
0.4434764,-0.04677293,-0.4114451,0.7948925
0.4334739,-0.04377244,-0.3979023,0.8073773
0.4238502,-0.03412765,-0.408888,0.8074632
0.4237317,-0.04462881,-0.4073118,0.8078098
0.4136733,-0.00192751,-0.4388126,0.797693
0.420017,-0.0009124279,-0.4377746,0.7949455
0.4343242,0.01163645,-0.4383935,0.7867898
0.4278472,0.007888481,-0.4388945,0.7900988
0.408823,0.01601082,-0.4494093,0.7941276
0.3816847,0.04137412,-0.479106,0.7893431
0.361244,0.05295396,-0.4980015,0.7865705
0.3496163,0.05680121,-0.5077451,0.7853259
0.3429956,0.05389428,-0.5051149,0.7901319
0.3353768,0.04681237,-0.5040725,0.7945073
0.3143355,0.03836638,-0.5037338,0.8037248
0.2957665,0.03185674,-0.5002634,0.8131691
0.2819043,0.02550507,-0.4932711,0.8225347
0.2775424,0.02084719,-0.4855637,0.828712
0.2811397,0.02203193,-0.480583,0.8303704
0.2795124,0.01686656,-0.471384,0.8362927
0.2752167,0.00860773,-0.4674783,0.8400272
0.2777561,-0.001955211,-0.4608736,0.8428779
0.2758529,-0.01307981,-0.4582078,0.8448548
0.2762994,-0.01822194,-0.4599826,0.8436483
0.275835,-0.02266121,-0.4598558,0.8437619
0.2785017,-0.02950048,-0.4525113,0.8466405
0.2812783,-0.03532749,-0.446816,0.8485222
0.2828871,-0.04082759,-0.4425574,0.8499711
0.2875453,-0.04721636,-0.433585,0.8526971
0.2876007,-0.05436938,-0.4230171,0.8575467
0.2920036,-0.06068046,-0.4111911,0.8613789
0.3034571,-0.06762886,-0.394055,0.8649051
0.310551,-0.07287861,-0.3892873,0.8641194
0.3282107,-0.070439,-0.388672,0.8580502
0.3404073,-0.06894986,-0.3920876,0.8518428
0.3516675,-0.06643635,-0.3995435,0.8439674
0.3673666,-0.06042944,-0.403935,0.8355995
0.3739749,-0.06033625,-0.4044442,0.8324224
0.3854228,-0.07379608,-0.382574,0.8364453
0.3982112,-0.08827583,-0.3521887,0.8423765
0.3935481,-0.09804851,-0.338651,0.8490123
0.3855087,-0.1037775,-0.3325094,0.8544301
0.3819569,-0.1069636,-0.3308481,0.8562753
0.3776772,-0.1160265,-0.3295668,0.8574867
0.3665164,-0.1212181,-0.3339528,0.8599113
0.3731442,-0.1203479,-0.3358088,0.8564533
0.3779283,-0.1181442,-0.3445543,0.8511724
0.3813786,-0.1108754,-0.3584385,0.8448545
0.3798962,-0.1026962,-0.3780989,0.837958
0.3911897,-0.09909682,-0.3764824,0.8339133
0.3794117,-0.1002935,-0.3785246,0.8382762
0.3817208,-0.1143772,-0.3680381,0.8400922
0.3585978,-0.1023124,-0.3852462,0.8441121
0.3473295,-0.09540007,-0.3951861,0.8450379
0.3603605,-0.09581359,-0.3932465,0.8404269
0.3694043,-0.08892283,-0.399025,0.8345131
0.3717305,-0.08742724,-0.4037494,0.83136
0.3645351,-0.08285645,-0.4108914,0.831515
0.3575991,-0.08158757,-0.4130839,0.8335635
0.3576496,-0.08052039,-0.4163126,0.8320378
0.356694,-0.08327673,-0.4150465,0.8328089
0.360585,-0.0892417,-0.4136885,0.8311896
0.3671311,-0.09853639,-0.3975412,0.8351445
0.3717666,-0.105957,-0.3900534,0.8357158
0.3817443,-0.1038129,-0.3916051,0.8307464
0.3803054,-0.09786198,-0.4021191,0.827098
0.3703332,-0.09553608,-0.4111196,0.8274701
0.3697184,-0.1303637,-0.34794,0.8516169
0.3622153,-0.1313526,-0.3786074,0.8415481
0.3654886,-0.15754,-0.3352441,0.8539384
0.3498722,-0.1452629,-0.3768602,0.84526
0.3463115,-0.1465519,-0.3787323,0.8456671
0.3387074,-0.154236,-0.372297,0.8502257
0.3401192,-0.1544299,-0.3765394,0.847755
0.3517443,-0.1519482,-0.3792467,0.8422349
0.35736,-0.1460337,-0.3859057,0.8378811
0.3646836,-0.1489571,-0.379988,0.8369151
0.3637589,-0.1502435,-0.3786286,0.8377033
0.358703,-0.1546749,-0.377766,0.8394645
0.350309,-0.154823,-0.3781252,0.8428136
0.3438919,-0.1483366,-0.3786127,0.8463966
0.3422658,-0.1495269,-0.3787747,0.8467736
0.3370113,-0.1507238,-0.3761449,0.8498358
0.3316046,-0.1603391,-0.3665604,0.8543789
0.3238139,-0.1747115,-0.35412,0.8597787
0.331679,-0.1714767,-0.357691,0.855945
0.3352601,-0.1696353,-0.3578737,0.8548397
0.335332,-0.1715903,-0.3504118,0.8575084
0.3367707,-0.1678288,-0.3536862,0.856344
0.3363185,-0.1691079,-0.3532411,0.8564538
0.3433111,-0.170036,-0.3550754,0.8527289
0.3375834,-0.15287,-0.3769583,0.8488643
0.3392022,-0.1567386,-0.376829,0.8475699
0.3357438,-0.1588787,-0.3721479,0.8506113
0.3360893,-0.1684953,-0.3644628,0.8519508
0.3377286,-0.1774444,-0.3577845,0.8523164
0.3421804,-0.1834528,-0.347366,0.8535776
0.3332278,-0.1935579,-0.3317041,0.8610848
0.3322983,-0.2088203,-0.3167042,0.8635221
0.3486906,-0.2162617,-0.3137699,0.8562676
0.3471885,-0.22864,-0.2858372,0.8634124
0.3498829,-0.2425014,-0.277009,0.861418
0.364848,-0.2399212,-0.2792307,0.8551924
0.3633367,-0.2451761,-0.2700542,0.8572899
0.3505796,-0.2447933,-0.2682701,0.8632505
0.3681776,-0.2559593,-0.2520606,0.8575521
0.3686528,-0.2821058,-0.2337929,0.854314
0.3512435,-0.3098757,-0.2131844,0.8574132
0.3415217,-0.3230309,-0.2010036,0.8594251
0.3183911,-0.3396286,-0.188665,0.8646878
0.3012558,-0.343756,-0.1825906,0.8704811
0.3089292,-0.3318666,-0.1896203,0.8709027
0.3033564,-0.3415322,-0.1844803,0.8702286
0.3015668,-0.3454853,-0.1791801,0.8703976
0.3244587,-0.3286156,-0.1868892,0.8670702
0.31361,-0.3369548,-0.1742853,0.8704796
0.3070906,-0.3391919,-0.1771525,0.871356
0.2999052,-0.3319969,-0.176688,0.8767076
0.2996008,-0.3363681,-0.1730222,0.8758762
0.2914102,-0.3509321,-0.1516721,0.8768822
0.3276437,-0.3304991,-0.1632322,0.8699282
0.3299264,-0.3380374,-0.1619627,0.866399
0.3306106,-0.3382406,-0.1643597,0.8656072
0.3302248,-0.3314717,-0.1640757,0.8684222
0.3410822,-0.316206,-0.1764758,0.8674866
0.3337836,-0.3192639,-0.1764515,0.8692089
0.3329598,-0.3178039,-0.175414,0.8702692
0.3225989,-0.3237377,-0.1820005,0.8706317
0.3294556,-0.314292,-0.1891212,0.8700073
0.315302,-0.3228702,-0.1874523,0.8724684
0.3087074,-0.3310201,-0.1797525,0.8733925
0.3067329,-0.3303334,-0.1815344,0.8739794
0.2879786,-0.344634,-0.1716406,0.8768325
0.2742396,-0.3574866,-0.1619491,0.8779343
0.2603513,-0.3788731,-0.1539425,0.8746279
0.2477833,-0.3944459,-0.1480089,0.8724157
0.2364728,-0.4072566,-0.1472555,0.8697922
0.2379292,-0.4011495,-0.1629153,0.8694408
0.2230311,-0.3835409,-0.1715779,0.8796105
0.2080258,-0.3626682,-0.20063,0.885971
0.1710072,-0.3394112,-0.2371452,0.8940462
0.1296982,-0.3164809,-0.267512,0.9008083
0.1050122,-0.3036112,-0.2862967,0.9026776
0.1010567,-0.3051448,-0.2996153,0.8982788
0.09433497,-0.3030096,-0.2995643,0.8997485
0.1039913,-0.3040916,-0.3005984,0.8979725
0.1160029,-0.3142677,-0.2982602,0.8937673
0.118767,-0.3214685,-0.2858428,0.8949001
0.1395617,-0.3305277,-0.2881371,0.887835
0.1519296,-0.3411753,-0.2852098,0.8827074
0.180736,-0.3445756,-0.2893113,0.8745862
0.2034788,-0.3527869,-0.2889386,0.8664019
0.2448046,-0.3457493,-0.2943686,0.8566652
0.2724281,-0.3439572,-0.2916367,0.8499556
0.3214777,-0.3283399,-0.2943116,0.8379891
0.3726099,-0.3115514,-0.2941702,0.8231412
0.3787094,-0.3174248,-0.277346,0.8239537
0.3973194,-0.303733,-0.2768273,0.8205182
0.3864626,-0.2951433,-0.2717707,0.8304684
0.3890352,-0.262655,-0.2826143,0.8365365
0.381843,-0.2522225,-0.2767491,0.8449791
0.3856536,-0.2503592,-0.2673045,0.8468412
0.3886109,-0.2546455,-0.257713,0.8471844
0.3868189,-0.265633,-0.2465292,0.8479585
0.3745887,-0.2754047,-0.24159,0.8517452
0.3523618,-0.2953224,-0.232772,0.8569966
0.3308166,-0.3167177,-0.2242521,0.86021
0.3062209,-0.3410961,-0.2114688,0.8632283
0.2965679,-0.3475293,-0.2092087,0.8645824
0.3026749,-0.3371458,-0.2238838,0.8629001
0.3006381,-0.3273752,-0.2361297,0.8641093
0.2890445,-0.3261592,-0.2257391,0.8712722
0.2845172,-0.3287212,-0.2127812,0.8750523
0.2712694,-0.3381681,-0.200119,0.8786398
0.2592399,-0.3438446,-0.2008523,0.8799
0.2456385,-0.3493581,-0.2017094,0.881433
0.2333849,-0.3542435,-0.1983424,0.8835742
0.2146174,-0.3678776,-0.1770555,0.887275
0.2047578,-0.3724561,-0.1675594,0.8895361
0.198969,-0.3738838,-0.1630294,0.8910913
0.1977144,-0.3719018,-0.1682722,0.8912253
0.2027141,-0.3639669,-0.169975,0.8930529
0.2024136,-0.3605829,-0.1530706,0.89754
0.2126934,-0.3541406,-0.150802,0.8981116
0.21752,-0.3554742,-0.1464723,0.897145
0.2322319,-0.3567127,-0.1535837,0.8917602
0.2232535,-0.376749,-0.1400474,0.8880342
0.2160538,-0.3842127,-0.1425923,0.8862104
0.2077194,-0.3999285,-0.1169306,0.8850068
0.2056782,-0.4153619,-0.09463295,0.8810309
0.1942419,-0.4263526,-0.08837646,0.8790239
0.182744,-0.431413,-0.0764323,0.8801395
0.164461,-0.4341227,-0.07429953,0.8825926
0.1484436,-0.4439921,-0.06197444,0.881473
0.1578346,-0.4370119,-0.06512018,0.8831013
0.1653489,-0.4390146,-0.0551939,0.8814077
0.1534246,-0.447337,-0.04263544,0.8800755
0.1536778,-0.4528856,-0.03317067,0.8775976
0.154353,-0.4604841,-0.02505044,0.873786
0.1578552,-0.466565,-0.01742855,0.8701121
0.153375,-0.4726368,-0.0101901,0.867748
0.1278482,-0.4802562,0.008755136,0.8677167
0.1313965,-0.4819067,0.01281306,0.8662198
0.1499042,-0.4768053,0.004864156,0.8661188
0.1647893,-0.470456,0.001484849,0.8668988
0.1893901,-0.4534315,-0.0135501,0.8708315
0.2159386,-0.4317333,-0.03224116,0.8751786
0.2383714,-0.4050822,-0.05361993,0.8810291
0.2557578,-0.3755938,-0.07854463,0.8873264
0.2587952,-0.3442492,-0.102269,0.8966932
0.2596722,-0.3248793,-0.1204167,0.9014009
0.2554379,-0.3096764,-0.1366845,0.905632
0.2520852,-0.3013631,-0.1468904,0.9077756
0.2504382,-0.3130504,-0.1473681,0.9041919
0.2469365,-0.3162861,-0.1501632,0.9035687
0.2357539,-0.3184857,-0.1484705,0.9060593
0.2318444,-0.3251362,-0.145703,0.9051548
0.230205,-0.3194977,-0.1485975,0.9071084
0.2254528,-0.3185478,-0.1468394,0.9089205
0.2350414,-0.3212065,-0.1489978,0.905197
0.2321016,-0.322885,-0.1435719,0.9062347
0.2374026,-0.3232935,-0.1479443,0.9040099
0.2385981,-0.3242671,-0.151007,0.9028392
0.2230876,-0.3244933,-0.150273,0.9068374
0.2342136,-0.3316736,-0.1452104,0.9022475
0.2316948,-0.3406901,-0.1413026,0.9001563
0.2561763,-0.3428158,-0.1522497,0.8908821
0.2571388,-0.312961,-0.1729227,0.8977932
0.2176273,-0.3358531,-0.1432815,0.9051582
0.2127566,-0.3154007,-0.1587102,0.9110807
0.229522,-0.3173557,-0.1629329,0.9055704
0.2586533,-0.3089337,-0.1678849,0.8997072
0.2698,-0.2988411,-0.1780434,0.8978879
0.2766987,-0.2848763,-0.1884865,0.898196
0.2867588,-0.2691565,-0.2030987,0.8967023
0.2905012,-0.2707233,-0.2015637,0.8953714
0.3007598,-0.2648381,-0.2062279,0.8926782
0.2912208,-0.271916,-0.2021104,0.8946527
0.2896244,-0.2640808,-0.203496,0.8972003
0.2806713,-0.2821952,-0.1893756,0.8976226
0.2650616,-0.2903746,-0.1808745,0.9015039
0.2533549,-0.2972575,-0.1729514,0.9041775
0.2555632,-0.3113944,-0.1678107,0.8997558
0.257401,-0.3220047,-0.1640103,0.896191
0.202569,-0.34565,-0.145702,0.9045789
0.221513,-0.3639221,-0.1359167,0.894438
0.2228642,-0.3756673,-0.1280469,0.8903986
0.2296874,-0.3628854,-0.1316771,0.8934311
0.2542261,-0.3457619,-0.148906,0.8908674
0.2361835,-0.328759,-0.1695623,0.8985452
0.2187829,-0.3100831,-0.1980183,0.903754
0.2430233,-0.2796857,-0.233973,0.8988727
0.2395323,-0.2720977,-0.2469112,0.8986779
0.2296229,-0.2830195,-0.2456924,0.8982252
0.2360934,-0.2736996,-0.2571711,0.8962206
0.2458472,-0.267968,-0.2676122,0.8922645
0.2521712,-0.2593637,-0.281725,0.8886907
0.2599024,-0.2544537,-0.2922597,0.8844706
0.2639473,-0.2429434,-0.3052518,0.8821177
0.2756854,-0.2279995,-0.320953,0.8769282
0.2843013,-0.2151213,-0.3261047,0.8755292
0.3036627,-0.1979473,-0.3349539,0.8697194
0.3158525,-0.1817825,-0.3427983,0.8658416
0.3336106,-0.1690158,-0.3444165,0.8611127
0.3589281,-0.1615324,-0.338966,0.8545057
0.3760951,-0.1527922,-0.3350974,0.8502451
0.3795571,-0.148945,-0.3296927,0.8515013
0.3669904,-0.15018,-0.3262941,0.8580769
0.3350105,-0.1901599,-0.2960882,0.8740361
0.3213083,-0.1954592,-0.2904844,0.8798724
0.3240104,-0.1997025,-0.2818576,0.8807341
0.3214471,-0.1977743,-0.2831564,0.8816913
0.3132218,-0.1869602,-0.3086079,0.8784642
0.3117943,-0.1785231,-0.3151331,0.8784105
0.3124765,-0.1707931,-0.3168869,0.8790739
0.2963178,-0.1667169,-0.3300503,0.8806066
0.2866906,-0.1579083,-0.3383822,0.8822533
0.2841701,-0.1455779,-0.3464132,0.8820728
0.2848648,-0.1309462,-0.3560637,0.8802976
0.2870274,-0.1167713,-0.3761748,0.8731966
0.2868769,-0.1119853,-0.3822464,0.8712341
0.2892128,-0.1236912,-0.3730291,0.8728721
0.2799078,-0.1389252,-0.3600276,0.8790515
0.2639543,-0.1483476,-0.3428829,0.8892426
0.2478989,-0.1552317,-0.3131422,0.9035437
0.2337226,-0.1634135,-0.2713761,0.9192522
0.2167166,-0.1882266,-0.2608146,0.9217269
0.2054188,-0.2191853,-0.2454269,0.9216977
0.1794111,-0.2487498,-0.2112673,0.9280632
0.167893,-0.2701442,-0.1873828,0.9293664
0.1275504,-0.3090741,-0.1461246,0.9310488
0.1155562,-0.332544,-0.1450122,0.9246798
0.09188117,-0.3527096,-0.1296511,0.9221413
0.08116589,-0.371346,-0.1447535,0.9135429
0.0727719,-0.3908412,-0.1392703,0.9069461
0.05491115,-0.3950042,-0.1338103,0.9072217
0.05287064,-0.393636,-0.1554334,0.9044865
0.03629064,-0.3916421,-0.1623099,0.9049613
-0.0004996583,-0.3822941,-0.1436465,0.912807
0.01015759,-0.3818776,-0.1631238,0.9096466
0.007867809,-0.3865445,-0.1703559,0.9063665
0.002957664,-0.3952326,-0.170697,0.9025768
-0.002163053,-0.4176156,-0.1688047,0.8928033
-0.009129494,-0.4509497,-0.1554075,0.8788682
-0.001843736,-0.4746286,-0.1475209,0.8677337
0.01070834,-0.4939805,-0.1426731,0.8576205
0.03249646,-0.5088559,-0.1403239,0.848716
0.06856012,-0.5255885,-0.1435542,0.8357322
0.1388677,-0.5451947,-0.1493637,0.813123
0.3549071,-0.4691376,-0.1904833,0.7859179
0.3825657,-0.4582883,-0.1898824,0.7794614
0.3326126,-0.4621585,-0.1920936,0.7992988
0.2680352,-0.4423038,-0.1971003,0.832872
0.2286164,-0.3971632,-0.2085267,0.8640096
0.1837232,-0.3584867,-0.203106,0.8924579
0.1717826,-0.340715,-0.2042296,0.9014956
0.1822786,-0.3356106,-0.2099669,0.9000299
0.1927893,-0.3332184,-0.2155659,0.8974013
0.1878516,-0.3239719,-0.2210273,0.9005004
0.1734776,-0.308599,-0.2261341,0.9074886
0.1563845,-0.2975282,-0.2245935,0.9146467
0.152664,-0.2968787,-0.2241272,0.9156002
0.1694611,-0.3044635,-0.2308793,0.9084491
0.1271418,-0.3374629,-0.1810261,0.9149773
0.1784138,-0.3659194,-0.2029365,0.890555
0.1478111,-0.3959866,-0.169562,0.8902782
0.126438,-0.4095216,-0.1526939,0.8904999
0.1031933,-0.4089668,-0.1359583,0.8964445
0.07214193,-0.4077847,-0.1263127,0.9014169
0.1014005,-0.4038105,-0.1502172,0.8967106
0.1037467,-0.4132597,-0.1543512,0.8914195
0.1089158,-0.4084021,-0.15458,0.8930007
0.09664492,-0.4060924,-0.1377161,0.898211
0.09014004,-0.4030804,-0.1325036,0.9010238
0.08877066,-0.399736,-0.122819,0.9040168
0.08352025,-0.398028,-0.1144096,0.9063711
0.08287463,-0.3994428,-0.1073316,0.9066737
0.08263017,-0.3949642,-0.09998404,0.9094936
0.08186442,-0.3939226,-0.09339038,0.9107148
0.08334835,-0.3937633,-0.08990299,0.9109999
0.09302104,-0.3941937,-0.08766484,0.9100952
0.1045123,-0.3961637,-0.08754736,0.9080017
0.1094704,-0.4033592,-0.08155403,0.9048018
0.1202766,-0.4041974,-0.08063221,0.903137
0.1119757,-0.4165824,-0.07052372,0.8994147
0.1084129,-0.4135507,-0.07436793,0.9009394
0.1115672,-0.4110846,-0.08210819,0.9010108
0.08241947,-0.4178841,-0.06419474,0.9024737
0.1034217,-0.4106053,-0.08344311,0.9020779
0.09947424,-0.4183135,-0.07559242,0.8996691
0.09952289,-0.427475,-0.0698204,0.8958156
0.06933654,-0.4360949,-0.06006254,0.8952129
0.06344616,-0.4422669,-0.0506275,0.8932028
0.05748516,-0.4467886,-0.04317603,0.8917462
0.0479219,-0.4493729,-0.04065112,0.8911313
0.04026688,-0.4482358,-0.03268398,0.8924097
0.03695473,-0.442679,-0.03787777,0.8951172
0.02057465,-0.442722,-0.03500285,0.8957392
0.04901825,-0.4291054,-0.05244617,0.9003973
0.02251261,-0.4214432,-0.05289978,0.9050307
0.07195756,-0.4179129,-0.07234636,0.9027386
0.0704607,-0.4328654,-0.07647561,0.8954409
0.07062516,-0.4295274,-0.07964978,0.8967577
0.0328925,-0.4297921,-0.06869815,0.8997096
0.04149604,-0.4230121,-0.06849131,0.9025784
0.02950741,-0.4195753,-0.05704621,0.9054455
0.04625868,-0.414356,-0.06179182,0.9068357
0.06070908,-0.4116413,-0.06043207,0.9073113
0.07765766,-0.4156647,-0.06900013,0.9035658
0.08548154,-0.4195828,-0.07324863,0.9007097
0.0982884,-0.4127747,-0.07987489,0.9019848
0.09852569,-0.4168884,-0.08246303,0.8998314
0.09752394,-0.4163955,-0.0819371,0.9002167
0.0942337,-0.4164451,-0.08719598,0.9000502
0.08450727,-0.4199238,-0.08633041,0.8994829
0.0749158,-0.4165011,-0.08908563,0.9016531
0.07062062,-0.4223083,-0.09372079,0.8988241
0.07040642,-0.4287868,-0.1032538,0.8947198
0.07072535,-0.4353099,-0.1081546,0.8909578
0.07158829,-0.4352257,-0.1156461,0.8899886
0.07372543,-0.438194,-0.1190962,0.8879002
0.07851958,-0.4366148,-0.1231952,0.8877078
0.07451288,-0.432376,-0.1229334,0.8901608
0.07181305,-0.429307,-0.1226374,0.8919072
0.0708961,-0.4193999,-0.1235376,0.8965578
0.07332824,-0.4187194,-0.1151583,0.8977948
0.07327437,-0.419012,-0.1065395,0.8987264
0.07653806,-0.4248367,-0.09189499,0.8973356
0.07929672,-0.4214689,-0.0870283,0.8991674
0.1015862,-0.4120773,-0.09431345,0.9005429
0.1185534,-0.3922558,-0.105745,0.9060344
0.130063,-0.3769602,-0.1144126,0.909887
0.1167007,-0.3572719,-0.1196797,0.9189203
0.1248503,-0.3849413,-0.1015689,0.9087995
0.1229535,-0.392707,-0.1043782,0.9054108
0.07892753,-0.4117208,-0.05971612,0.9059197
0.04875547,-0.4063065,-0.04358364,0.9113936
0.03232832,-0.4006178,-0.03384381,0.9150492
0.03219747,-0.4036201,-0.03756592,0.9135879
0.04128987,-0.3969471,-0.0429904,0.9159039
0.04944386,-0.3947749,-0.05152442,0.9159985
0.04768644,-0.3918202,-0.0423045,0.9178307
0.07614145,-0.4095621,-0.05112633,0.9076604
0.08788334,-0.4028527,-0.06110213,0.9089845
0.1345539,-0.4080064,-0.08142243,0.8993312
0.1093275,-0.4096904,-0.06199666,0.9035251
0.1130167,-0.4035501,-0.07048699,0.9052105
0.1198475,-0.4147466,-0.06830502,0.89942
0.1231386,-0.4026323,-0.08518575,0.9030324
0.1222309,-0.3970245,-0.08805642,0.9053602
0.1312901,-0.3926163,-0.09880839,0.9049045
0.1312338,-0.4256828,-0.08461123,0.8912984
0.1786295,-0.4041111,-0.117105,0.8894224
0.1333782,-0.4256445,-0.08802174,0.8906678
0.1224933,-0.4218912,-0.08437151,0.8943627
0.1510803,-0.4257375,-0.1007661,0.8864357
0.1555928,-0.4204472,-0.1076623,0.8873691
0.1530172,-0.4197204,-0.1100731,0.8878652
0.1188304,-0.404071,-0.09345949,0.9021481
0.08870188,-0.3939936,-0.0805131,0.9112731
0.1003533,-0.4040219,-0.08848491,0.9049121
0.08449705,-0.4077763,-0.08235051,0.9054265
0.04929658,-0.4054263,-0.06161997,0.9107153
0.04272674,-0.3983243,-0.05475452,0.9146115
0.05127591,-0.4219922,-0.06513932,0.9028013
0.04520043,-0.3907435,-0.06617022,0.9170049
0.048182,-0.3788726,-0.06481048,0.9219185
0.04822817,-0.3806094,-0.06231757,0.9213724
0.04730673,-0.3904673,-0.05176271,0.9179423
0.05665448,-0.398128,-0.05363925,0.9140061
0.05268257,-0.4020394,-0.0550433,0.9124467
0.07335074,-0.4036869,-0.06181876,0.9098544
0.09047909,-0.398128,-0.07089714,0.9100996
0.1102456,-0.4000354,-0.08502308,0.9058635
0.1244707,-0.3953183,-0.09442253,0.9051602
0.1479596,-0.3937038,-0.1112905,0.9003998
0.1660782,-0.3823566,-0.1227901,0.9006354
0.1923621,-0.3754466,-0.1385961,0.8960065
0.2334045,-0.3504837,-0.1633837,0.8921823
0.2469798,-0.3370183,-0.1716554,0.8921626
0.2665915,-0.3109122,-0.1867661,0.8929619
0.276928,-0.3090514,-0.1827137,0.8912989
0.2791049,-0.3081118,-0.1800133,0.8914947
0.2701165,-0.3077966,-0.1717829,0.8959849
0.2678595,-0.296359,-0.1681653,0.9011898
0.2791497,-0.2870882,-0.1769442,0.899081
0.3061861,-0.277005,-0.1916066,0.890396
0.3430931,-0.2658842,-0.2143096,0.8750223
0.3503483,-0.242937,-0.2307539,0.8746372
0.3541477,-0.2258385,-0.2531826,0.8714786
0.361616,-0.2111594,-0.2739446,0.8657944
0.3577616,-0.2071045,-0.2871337,0.8640999
0.3680362,-0.2068595,-0.2854211,0.8604029
0.3717406,-0.2034798,-0.2902949,0.8579825
0.3690587,-0.2110349,-0.2844527,0.8592709
0.3625512,-0.2157596,-0.27609,0.8635848
0.3594991,-0.2005268,-0.2855699,0.8654474
0.3611614,-0.2021942,-0.2821631,0.8654848
0.369313,-0.1956308,-0.2760929,0.8655109
0.3796898,-0.1903637,-0.2622491,0.8665003
0.3817487,-0.1833648,-0.2351425,0.8748447
0.3762382,-0.1797552,-0.2130986,0.8835846
0.3679648,-0.1812548,-0.2008816,0.8896039
0.3635594,-0.1845949,-0.2013521,0.8906215
0.3619111,-0.2021851,-0.1996419,0.8878539
0.3730933,-0.1988827,-0.2187043,0.8794404
0.3802379,-0.2026211,-0.2404974,0.8697844
0.3916038,-0.2055156,-0.25915,0.8586333
0.3970419,-0.2027341,-0.2759756,0.8515246
0.4104761,-0.188394,-0.2920582,0.8430416
0.4144361,-0.1736253,-0.3058497,0.8393765
0.4248489,-0.1651508,-0.3060114,0.8358144
0.4314935,-0.1615277,-0.3095452,0.8318076
0.443025,-0.1675488,-0.3028565,0.827003
0.4440922,-0.1696912,-0.2971326,0.8280696
0.4444872,-0.1654721,-0.2976351,0.8285308
0.4542716,-0.157627,-0.3024738,0.8229828
0.4602108,-0.1594023,-0.3033913,0.8189936
0.4646673,-0.160806,-0.3011193,0.8170391
0.4584464,-0.1658889,-0.2960138,0.8213913
0.4421976,-0.1679245,-0.3034566,0.8271497
0.4276664,-0.1576377,-0.3245628,0.8288007
0.434738,-0.1576852,-0.314502,0.8289914
0.4366539,-0.1359174,-0.3417997,0.820995
0.4468498,-0.1058268,-0.3651231,0.8098216
0.453003,-0.1031074,-0.3585114,0.8097079
0.4492556,-0.09107949,-0.376507,0.8050568
0.4558288,-0.08492942,-0.3793352,0.8006946
0.4594391,-0.08951473,-0.3742019,0.8005472
0.4727312,-0.08495122,-0.3654158,0.797358
0.4769521,-0.08479747,-0.3622987,0.7962824
0.4820301,-0.07716154,-0.3639393,0.7932473
0.4865303,-0.07574941,-0.3588739,0.7929438
0.4883955,-0.0730821,-0.3567461,0.7930077
0.4836272,-0.07713327,-0.364181,0.7921662
0.4695008,-0.06029524,-0.3623241,0.802904
0.4781539,-0.04592337,-0.3497244,0.8043337
0.4992613,-0.03825408,-0.3470251,0.7929995
0.4953472,-0.03945054,-0.3728177,0.7836338
0.4812108,-0.05649428,-0.3696738,0.792834
0.4723714,-0.05495495,-0.3763056,0.7951347
0.4649007,-0.05781978,-0.3839763,0.7956672
0.4647886,-0.04282133,-0.4051951,0.786101
0.4660978,-0.03094752,-0.4211889,0.7774285
0.471725,-0.01385155,-0.4292378,0.77009
0.4717261,-0.01216638,-0.4330248,0.7679948
0.4764479,-0.005569398,-0.4376016,0.7625425
0.4822658,-0.009249613,-0.4329669,0.7614945
0.4792014,-0.005036235,-0.4324251,0.763773
0.4662678,-0.01006147,-0.4293301,0.7734137
0.4466876,-0.02337244,-0.4203454,0.7894515
0.4332768,-0.02314024,-0.4156806,0.7993406
0.4297212,-0.01697135,-0.4294918,0.794096
0.4124282,-0.0253074,-0.4254221,0.8051575
0.4061493,-0.03493349,-0.4221385,0.8097045
0.4227744,-0.04871619,-0.4120769,0.8056557
0.4328256,-0.04056792,-0.4109855,0.801316
0.4147455,-0.06939727,-0.386143,0.8210138
0.4113783,-0.05237767,-0.403836,0.815439
0.4114161,-0.03668337,-0.4102789,0.8130574
0.4126611,-0.03550179,-0.3992109,0.8179737
0.4200548,-0.03793944,-0.3840644,0.8213459
0.4233539,-0.04530796,-0.3692069,0.8260781
0.4262792,-0.05028585,-0.3555883,0.8302496
0.430593,-0.05339378,-0.3452693,0.8321826
0.4406339,-0.05177686,-0.3367409,0.8305218
0.4393571,-0.05869359,-0.3255524,0.8351862
0.4336706,-0.06439233,-0.3191855,0.8401809
0.4257143,-0.07269983,-0.3090616,0.8473269
0.4127022,-0.07707259,-0.3022583,0.8557901
0.3993518,-0.07815747,-0.2984332,0.8633349
0.390905,-0.07366385,-0.2993053,0.867285
0.3804169,-0.07319063,-0.3031953,0.8706312
0.3663257,-0.07553022,-0.3021195,0.8768263
0.3539404,-0.0833121,-0.2950068,0.883604
0.346187,-0.09516024,-0.2878401,0.8878328
0.3401273,-0.1041851,-0.2842912,0.8903019
0.3139231,-0.09865014,-0.3027963,0.8944467
0.3038234,-0.1010519,-0.3150897,0.8934194
0.3175749,-0.1099969,-0.3158634,0.8872863
0.3325446,-0.1204255,-0.3151214,0.8806874
0.340045,-0.1281983,-0.3239979,0.8734757
0.3356499,-0.1268166,-0.3466367,0.8666601
0.3587762,-0.1320604,-0.353103,0.8539075
0.3783604,-0.135196,-0.3564076,0.8435277
0.3879288,-0.1312504,-0.3679156,0.8348189
0.4025557,-0.12649,-0.3691612,0.8280514
0.4061515,-0.1098249,-0.3765252,0.8253534
0.4189315,-0.1268052,-0.3494049,0.8284521
0.3831517,-0.1396185,-0.3576719,0.8401025
0.3737306,-0.1563628,-0.3400379,0.8486756
0.35587,-0.1654889,-0.3388498,0.8550736
0.3330934,-0.1644104,-0.3387372,0.8644507
0.3429394,-0.1602729,-0.3498777,0.8569076
0.3626408,-0.1537468,-0.3589331,0.84618
0.3563845,-0.1605478,-0.3534189,0.849888
0.3498875,-0.1493898,-0.3674367,0.8486764
0.3527872,-0.1417535,-0.37339,0.8461837
0.3587468,-0.1395245,-0.3750812,0.8432958
0.3663848,-0.1505736,-0.3627687,0.8434978
0.3692359,-0.1641626,-0.3501151,0.845065
0.3675549,-0.1731857,-0.3378444,0.8489825
0.3582675,-0.1949745,-0.3180621,0.8558422
0.3387324,-0.2248757,-0.2931012,0.8653225
0.3274217,-0.2375663,-0.2790481,0.870913
0.3202357,-0.2396276,-0.2813425,0.872281
0.2939966,-0.2650667,-0.2684507,0.8782026
0.322379,-0.2322832,-0.2927289,0.8697276
0.3133864,-0.2441478,-0.2860808,0.8719739
0.3152272,-0.2476245,-0.279811,0.8723645
0.3022466,-0.2523865,-0.2690815,0.8789444
0.2901583,-0.2524318,-0.2750686,0.881149
0.2955911,-0.26191,-0.2571312,0.8819935
0.2959912,-0.2607743,-0.2609084,0.8810862
0.2967341,-0.2710493,-0.2574336,0.8787543
0.2888616,-0.2712442,-0.2502074,0.8833922
0.2791003,-0.2889312,-0.2548945,0.8795741
0.3013649,-0.293492,-0.2469987,0.8729451
0.3202177,-0.2966678,-0.2372798,0.8678405
0.3470756,-0.2939934,-0.2316612,0.8599067
0.3741021,-0.2825312,-0.2335772,0.85186
0.3913034,-0.2735226,-0.2336204,0.847047
0.4085191,-0.257763,-0.2384609,0.8425003
0.4232988,-0.2454474,-0.2427128,0.837654
0.441662,-0.2203409,-0.2545906,0.8316058
0.4786417,-0.1618141,-0.2764941,0.8174775
0.4811484,-0.1747175,-0.2567424,0.8197886
0.4896781,-0.1537481,-0.2698019,0.8147293
0.4607528,-0.1745407,-0.26362,0.8293051
0.4335359,-0.183627,-0.2618926,0.8424606
0.4214722,-0.1711865,-0.2671395,0.8495251
0.4181729,-0.1523677,-0.2754824,0.852071
0.408196,-0.1423166,-0.2840909,0.8558122
0.3995818,-0.1358592,-0.2925983,0.8580576
0.3935974,-0.1280723,-0.3024431,0.8586075
0.3982534,-0.1153823,-0.3169541,0.8530071
0.3751663,-0.1259563,-0.3193905,0.8610313
0.3779336,-0.1263427,-0.3232548,0.8583182
0.3688375,-0.133851,-0.3244653,0.8606771
0.3830522,-0.1495639,-0.3150001,0.855381
0.3641869,-0.2205239,-0.2785631,0.8608947
0.4061139,-0.2290864,-0.2667397,0.8434696
0.4037513,-0.249756,-0.2511337,0.8435276
0.4314573,-0.2406973,-0.2618704,0.8290558
0.4530679,-0.1988663,-0.2960139,0.8170419
0.4375973,-0.1770319,-0.3341333,0.8157961
0.439565,-0.1299831,-0.3853833,0.8008538
0.4596945,-0.09968056,-0.4190885,0.7766013
0.4619995,-0.08803684,-0.4345728,0.7680837
0.4510369,-0.09253877,-0.4368861,0.7727437
0.437888,-0.09653655,-0.4377813,0.7792832
0.4313021,-0.09305885,-0.4401352,0.7820483
0.4349133,-0.07619025,-0.450518,0.7759374
0.4338314,-0.06028338,-0.4597115,0.7725424
0.4312074,-0.04717503,-0.4651417,0.7716722
0.4284626,-0.03136729,-0.4715469,0.7701164
0.4239267,-0.03698841,-0.4568459,0.7811594
0.4276969,-0.02848141,-0.4520282,0.7822626
0.4311754,-0.01759641,-0.447372,0.7833495
0.4307933,-0.01375234,-0.4299867,0.7933092
0.4303199,-0.02239974,-0.3921779,0.8127235
0.4235998,-0.02709234,-0.3697518,0.8265064
0.417525,-0.03527805,-0.3557048,0.8354056
0.4207196,-0.04516231,-0.342431,0.8388662