-0.03257962,-0.03085882,-0.02363029,0.9987131
0.04081477,-0.003199288,-0.04367271,0.9982067
0.02889541,-0.008198003,-0.04033923,0.9987345
0.03207673,-0.006889155,-0.04121255,0.9986116
0.04252091,-0.00250325,-0.04408617,0.9981192
0.05423878,0.002574592,-0.04731967,0.9974028
0.06751654,0.008524883,-0.05100016,0.9963773
0.06788394,0.008693811,-0.05110436,0.9963456
0.05183784,0.001521567,-0.04665734,0.9975639
0.02256919,-0.01076317,-0.03860383,0.9989417
-0.01076662,-0.02341294,-0.02951236,0.9992321
-0.03711776,-0.03232343,-0.02240971,0.9985366
-0.04876613,-0.03594588,-0.01928481,0.997977
-0.05207976,-0.03694005,-0.01839754,0.9977899
-0.04033757,-0.03334451,-0.02154507,0.9983972
-0.02274426,-0.02758438,-0.02627813,0.9990152
-0.01536453,-0.0250353,-0.02827643,0.9991685
-0.005509631,-0.02151402,-0.03094876,0.9992742
0.007263078,-0.01675521,-0.03441919,0.9992407
0.02757587,-0.008738693,-0.03997431,0.9987819
0.03949412,-0.003788167,-0.04325243,0.9982761
0.04083834,-0.003219053,-0.04362223,0.9982079
0.03185117,-0.006983147,-0.04114919,0.9986208
0.02471033,-0.009900449,-0.03919129,0.9988771
0.02034982,-0.01165055,-0.03799678,0.9990027
0.03383005,-0.006161812,-0.04169497,0.9985384
0.04624875,-0.000905927,-0.04511305,0.9979103
0.05954057,0.004927211,-0.04878907,0.9970207
0.07404191,0.01152133,-0.05281304,0.9957891
0.08560598,0.01694531,-0.05603372,0.9946079
0.09772287,0.02277662,-0.05941752,0.9931772
0.1046894,0.02619817,-0.0613716,0.9922638
0.09252557,0.02025794,-0.05796568,0.9938152
0.02962193,-0.007952391,-0.04043357,0.9987114
-0.06414843,-0.04040834,-0.01519316,0.9970062
-0.0838952,-0.04563961,-0.009958202,0.9953791
-0.0351248,-0.0316839,-0.02294552,0.998617
0.01994839,-0.01180193,-0.03790658,0.9990124
0.03031737,-0.00760907,-0.04074027,0.9986807
-0.001189153,-0.01993509,-0.03210811,0.9992849
-0.02903762,-0.0296951,-0.02458418,0.9988346
-0.03017332,-0.03007049,-0.02427728,0.9987972
-0.02519264,-0.02841128,-0.02562129,0.9989503
-0.0284434,-0.02949746,-0.02474616,0.9988536
-0.04330283,-0.03427162,-0.02074905,0.9982584
-0.05286575,-0.03717346,-0.01818708,0.9977438
-0.05691093,-0.03835891,-0.01711086,0.9974954
-0.03685822,-0.0322424,-0.02247318,0.9985474
-0.01861377,-0.02616651,-0.02739751,0.9991087
-0.002426744,-0.02038813,-0.03177953,0.999284
0.0214144,-0.01122191,-0.03829509,0.998974
0.04832137,-1.479918E-05,-0.04567767,0.9977869
0.06696315,0.008272898,-0.05084634,0.9964247
0.08086704,0.01470706,-0.05471501,0.9951134
0.07703912,0.01291323,-0.0536465,0.9955
0.07762134,0.01318488,-0.05380875,0.9954425
0.07703069,0.01290949,-0.05364457,0.9955009
0.08582556,0.01704931,-0.05609448,0.9945837
0.09517489,0.02153908,-0.0587064,0.9934945
0.1005356,0.02415239,-0.06020624,0.9928165
0.09777365,0.02280243,-0.05943312,0.9931707
0.09033811,0.01920377,-0.05735256,0.9940729
0.06697758,0.008284308,-0.05085925,0.9964229
0.02564253,-0.009528397,-0.03943958,0.9988474
-0.02261581,-0.02753943,-0.02631627,0.9990184
-0.0543812,-0.03761785,-0.01779266,0.9976528
-0.05027046,-0.03639934,-0.01888147,0.9978935
-0.04151512,-0.03371442,-0.0212281,0.9983432
-0.04398894,-0.03448429,-0.02056498,0.9982248
-0.02693197,-0.02899689,-0.02514433,0.9989002
0.01834068,-0.01246467,-0.03741642,0.9990537
0.05615369,0.00342,-0.04784998,0.997269
0.05839514,0.004415981,-0.04847122,0.9971064
0.04263642,-0.002454191,-0.04411751,0.9981131
0.03412179,-0.006040002,-0.0417762,0.9985259
0.0401491,-0.003511035,-0.04343266,0.9982431
0.04984142,0.0006504767,-0.04610579,0.9976922
0.05844786,0.00443999,-0.04848659,0.9971024
0.06011215,0.005182496,-0.04894705,0.9969774
0.05606351,0.003383616,-0.0478298,0.9972752
0.03358664,-0.006263515,-0.04162736,0.9985489
0.0006641905,-0.01924473,-0.03261579,0.9992824
-0.03187674,-0.03062703,-0.02382484,0.9987383
-0.03627788,-0.03205384,-0.02263795,0.998571
-0.02201959,-0.02733632,-0.02647725,0.9990329
-0.01229072,-0.02395123,-0.02910965,0.9992137
-0.01317065,-0.02426315,-0.02887041,0.9992018
-0.01636037,-0.02538369,-0.02800671,0.9991514
-0.01502695,-0.02491695,-0.02836778,0.999174
-0.01238179,-0.0239839,-0.02908397,0.9992125
-0.001316391,-0.0199774,-0.03208339,0.9992847
0.008228851,-0.01638455,-0.03468636,0.9992301
0.01674874,-0.01307721,-0.03701167,0.9990889
0.02287712,-0.01064245,-0.03868291,0.9989329
0.03649248,-0.005049709,-0.04242916,0.9984201
0.03829151,-0.00429486,-0.04292254,0.9983351
0.04970708,0.000591982,-0.04606866,0.9977006
0.04271705,-0.002422919,-0.04413462,0.9981089
0.01423136,-0.0140662,-0.03632025,0.9991398
-0.01502024,-0.02491572,-0.02836666,0.9991742
-0.03624314,-0.03204355,-0.02264485,0.9985725
-0.04911105,-0.03604969,-0.01919405,0.997958
-0.0460134,-0.0351085,-0.02001959,0.9981229
-0.04837121,-0.03582671,-0.01938903,0.9979984
-0.04650695,-0.03525883,-0.01989,0.9980973
-0.0491341,-0.03605887,-0.01917941,0.9979568
-0.05982893,-0.03919758,-0.01634384,0.9973048
-0.09341267,-0.04795407,-0.007373405,0.9944446
-0.07558082,-0.04351887,-0.01213349,0.9961157
-0.08942836,-0.04700205,-0.008461067,0.9948476
-0.1053979,-0.05064835,-0.004246772,0.9931304
-0.1065725,-0.05090081,-0.003937605,0.9929934
-0.105864,-0.05074877,-0.004124277,0.9930763
-0.08660608,-0.04631614,-0.009208554,0.9951228
-0.06487599,-0.04062466,-0.01498412,0.9969535
-0.03873651,-0.03284012,-0.02196995,0.998468
-0.01801846,-0.02596037,-0.02755847,0.9991205
0.0200582,-0.01175971,-0.03793163,0.9990097
0.03302193,-0.006501421,-0.04146595,0.9985729
0.03573963,-0.005365186,-0.04222123,0.9984545
0.04889356,0.0002384668,-0.04584405,0.9977513
0.01483884,-0.0138207,-0.03650159,0.9991279
0.02341467,-0.01042308,-0.03883615,0.9989167
0.0196258,-0.01193928,-0.03779755,0.9990213
0.01591843,-0.0134038,-0.03678471,0.9991065
0.005575477,-0.01739788,-0.03395706,0.9992563
-0.006956703,-0.02203871,-0.03055757,0.9992657
-0.0009402557,-0.01983696,-0.03218863,0.9992845
0.005568367,-0.01739818,-0.03396033,0.9992563
0.02190089,-0.01103244,-0.03841859,0.9989608
0.03209464,-0.006880268,-0.04122008,0.9986107
0.03907461,-0.003966911,-0.04313422,0.9982969
0.04062975,-0.003307347,-0.04356511,0.9982185
0.03548401,-0.005473058,-0.04214919,0.9984661
0.02208851,-0.01095569,-0.03847325,0.9989554
-0.002291496,-0.02033624,-0.03182146,0.9992841
-0.03173011,-0.03058136,-0.02385898,0.9987436
-0.04148833,-0.03370553,-0.02123696,0.9983445
-0.03772847,-0.03251931,-0.02224241,0.998511
-0.03000242,-0.03001353,-0.02432512,0.9988029
-0.02171712,-0.02723311,-0.02655891,0.9990402
-0.01086395,-0.02344436,-0.02949461,0.9992309
-0.002539963,-0.02042706,-0.03175503,0.9992837
0.0007585109,-0.01920586,-0.03265095,0.999282
0.004298553,-0.01787847,-0.03361449,0.9992658
0.004210141,-0.01791179,-0.03359034,0.9992663
0.002623331,-0.01850829,-0.03315922,0.9992753
-0.004634235,-0.02119496,-0.03118626,0.9992781
-0.02134293,-0.0271052,-0.02666003,0.9990491
-0.02927501,-0.02977343,-0.02452081,0.9988269
-0.02832264,-0.02945771,-0.02477752,0.9988574
-0.03391569,-0.03129042,-0.02327996,0.9986634
-0.06667884,-0.04112477,-0.0145012,0.9968212
-0.1113454,-0.0519121,-0.002594899,0.9924215
-0.03400224,-0.03131155,-0.02329121,0.9986596
-0.01144225,-0.02365015,-0.02933887,0.9992241
-0.002070084,-0.02025432,-0.03188188,0.9992843
0.01271835,-0.01466085,-0.03589591,0.999167
-0.01860786,-0.02616218,-0.02740422,0.9991087
-0.02647031,-0.02883978,-0.02527761,0.9989136
-0.0176803,-0.02584309,-0.02764995,0.9991271
-0.008919735,-0.02275096,-0.03001549,0.9992507
0.005754448,-0.01732581,-0.03401494,0.9992546
0.0113065,-0.01520054,-0.03552626,0.9991891
0.02779549,-0.008647775,-0.04003713,0.9987741
0.03666173,-0.004980414,-0.04247265,0.9984123
0.0494686,0.0004886823,-0.04600333,0.9977155
0.06816436,0.008817056,-0.0511754,0.9963217
0.0734871,0.01126482,-0.05265879,0.9958412
0.07857384,0.01363098,-0.05407558,0.9953473
0.05876015,0.004566944,-0.04855443,0.9970801
0.04396794,-0.001883169,-0.04448794,0.9980402
0.05185423,0.00152878,-0.04666186,0.9975628
0.04509601,-0.001420602,-0.04476328,0.9979782
0.01504256,-0.01373895,-0.03656095,0.9991237
0.03255031,-0.006694286,-0.04134067,0.9985923
0.01353657,-0.01433554,-0.03613387,0.9991524
0.03857344,-0.004178266,-0.0429964,0.9983215
0.01398863,-0.01415642,-0.03626305,0.999144
-0.003409869,-0.02074723,-0.03151792,0.999282
-0.02583624,-0.02862777,-0.0254472,0.9989321
-0.04586431,-0.03506149,-0.020064,0.9981306
-0.04010126,-0.0332706,-0.02160684,0.9984078
-0.04330101,-0.03427102,-0.0207496,0.9982585
-0.0425375,-0.03403357,-0.02095435,0.9982951
-0.03778398,-0.03253609,-0.02223046,0.9985088
-0.04593446,-0.03508373,-0.02004275,0.998127
-0.04726911,-0.0354912,-0.01968666,0.9980574
-0.03746241,-0.03243348,-0.02231712,0.9985222
-0.04126776,-0.03363685,-0.0212948,0.9983547
-0.03155663,-0.03052462,-0.02390548,0.9987497
-0.01895863,-0.02628637,-0.02730265,0.9991016
-0.01898715,-0.02629554,-0.02729656,0.999101
-0.05367031,-0.03740754,-0.01798536,0.9976957
-0.03395698,-0.03130904,-0.02325158,0.9986621
-0.01084775,-0.02343627,-0.02950439,0.9992309
0.01751556,-0.01277484,-0.03722133,0.9990718
0.01940677,-0.01202694,-0.03773638,0.9990268
0.006808823,-0.0169269,-0.03429856,0.9992451
0.004089864,-0.0179557,-0.03356059,0.999267
0.02083382,-0.01145752,-0.03812927,0.9989899
0.03775814,-0.004518421,-0.04277728,0.9983606
0.03768906,-0.004549291,-0.04275507,0.9983641
0.03475027,-0.005776469,-0.04195249,0.9984984
0.01239731,-0.01477856,-0.0358228,0.999172
-0.01185051,-0.02379542,-0.02922884,0.9992191
-0.05827241,-0.0387671,-0.01668544,0.9974082
-0.08326167,-0.04548522,-0.01010618,0.9954378
-0.06673801,-0.04114107,-0.01448542,0.9968168
-0.03284546,-0.03094972,-0.02354743,0.9987035
-0.01034497,-0.02325556,-0.02964446,0.9992363
-0.01645776,-0.02541729,-0.02798132,0.9991497
-0.02658231,-0.02887782,-0.02524597,0.9989104
-0.02982501,-0.02995744,-0.02436594,0.9988089
-0.01416873,-0.02461414,-0.02860305,0.9991874
-0.01061373,-0.02335394,-0.02956509,0.9992336
0.004615521,-0.01775873,-0.03370073,0.9992636
0.001682696,-0.0188612,-0.03290178,0.9992792
0.007086853,-0.01682068,-0.03437483,0.9992423
0.001181943,-0.01904849,-0.032765,0.9992809
0.00264965,-0.01849883,-0.03316554,0.9992751
0.002916542,-0.01839863,-0.03323818,0.9992739
0.002394063,-0.01859468,-0.03309587,0.9992763
0.005119937,-0.01756826,-0.03383766,0.9992598
0.005235402,-0.0175243,-0.03386959,0.9992589
-0.0005955826,-0.01970868,-0.03228366,0.9992843
-0.01325029,-0.02429195,-0.02884761,0.9992007
-0.04049005,-0.03339521,-0.02149517,0.9983904
-0.04763313,-0.03560227,-0.01958824,0.998038
-0.04448432,-0.03463784,-0.02043066,0.9982004
-0.03162683,-0.03054795,-0.02388576,0.9987473
-0.03237923,-0.03079351,-0.02368408,0.9987203
-0.04099448,-0.03355109,-0.02136849,0.9983672
-0.04242956,-0.03399955,-0.02098442,0.9983003
-0.02647302,-0.02884248,-0.02527109,0.9989137
0.003499995,-0.01818269,-0.0333896,0.9992709
0.01933039,-0.01205611,-0.03771777,0.9990287
0.03687962,-0.004887,-0.04253634,0.998402
0.04869304,0.0001473979,-0.04578203,0.9977639
0.0568252,0.003719226,-0.04803786,0.9972208
0.05099773,0.001154494,-0.04642521,0.9976184
0.02868139,-0.008285517,-0.04028276,0.9987422
-0.02466499,-0.02826099,-0.02568552,0.9989661
-0.07359469,-0.04299306,-0.0126664,0.9962806
-0.08388963,-0.04564416,-0.009929168,0.9953796
-0.06650847,-0.04108215,-0.01452237,0.996834
-0.001371483,-0.02002428,-0.03201335,0.9992859
0.03307002,-0.006472271,-0.04149674,0.9985701
0.02647176,-0.009186767,-0.03967397,0.9988196
0.01430219,-0.01403586,-0.03634505,0.9991384
0.02049583,-0.01159301,-0.03803545,0.9989988
0.03410233,-0.006048366,-0.04177026,0.9985267
0.05208214,0.001628641,-0.04672483,0.9975477
0.07225062,0.01069502,-0.05231652,0.9959561
0.08374713,0.01606517,-0.05551715,0.9948097
0.07788568,0.01330736,-0.053881,0.9954163
0.0671998,0.008380558,-0.05091204,0.9964044
0.0591606,0.004757363,-0.04868343,0.9970493
0.06000585,0.005132996,-0.04891491,0.9969856
0.063994,0.006927141,-0.05002312,0.9966716
0.06868841,0.009059376,-0.05132532,0.9962758
0.06308297,0.006515498,-0.04976955,0.9967453
0.05454704,0.002711145,-0.04740601,0.9973815
0.05734179,0.003947048,-0.04817855,0.9971836
0.05611727,0.003404894,-0.04784071,0.9972715
0.06006126,0.005155756,-0.04892703,0.9969815
0.05250248,0.001810936,-0.04683829,0.9975201
0.05932719,0.00483217,-0.04873037,0.9970368
0.05144745,0.001350909,-0.04654949,0.9975893
0.04441043,-0.001695271,-0.04460715,0.9980156
0.04139691,-0.002981527,-0.04377666,0.9981788
0.04004521,-0.003554973,-0.04340421,0.9982484
0.04351223,-0.002079949,-0.0443594,0.9980654
0.03977794,-0.003668063,-0.04333067,0.9982618
0.03358401,-0.006264602,-0.04162655,0.998549
0.02308479,-0.01055635,-0.03874459,0.9989266
0.01760624,-0.01273902,-0.03724615,0.9990698
0.02466898,-0.009916915,-0.03918063,0.9988784
0.0206597,-0.01152744,-0.03808134,0.9989945
-0.007190925,-0.02212747,-0.03048512,0.9992644
-0.03077758,-0.03026898,-0.02411546,0.9987768
-0.0217324,-0.02723877,-0.02655351,0.9990398
-0.007069308,-0.02208146,-0.03052247,0.9992651
-0.001826364,-0.02016388,-0.03194915,0.9992844
0.005923045,-0.01726366,-0.03405695,0.9992533
-0.001449865,-0.02002513,-0.03205084,0.9992846
-0.002074797,-0.02025682,-0.03187884,0.9992843
-0.003369896,-0.02073246,-0.03152872,0.9992821
0.000780478,-0.01919769,-0.0326569,0.9992819
0.01778655,-0.01266678,-0.03729746,0.9990656
0.029223,-0.008065217,-0.04042663,0.9987224
0.03539752,-0.005509039,-0.04212566,0.9984699
0.03234099,-0.00677992,-0.04128508,0.9986008
0.01311135,-0.01450962,-0.03599987,0.9991605
-0.01871878,-0.02619952,-0.02737683,0.9991064
-0.0232655,-0.02775728,-0.0261485,0.9990018
0.003357078,-0.01823313,-0.03335812,0.9992715
0.05480237,0.002826653,-0.0474834,0.9973636
0.08681037,0.01752248,-0.05637594,0.9944741
0.09960815,0.02369864,-0.05994702,0.9929366
0.1009663,0.02436358,-0.06032669,0.9927602
0.08971944,0.0189083,-0.05718149,0.9941445
0.065059,0.007396821,-0.05030079,0.9965854
0.05712891,0.003855594,-0.04812434,0.9971988
0.04330163,-0.002169963,-0.04430131,0.998077
0.03148547,-0.007135061,-0.04104706,0.9986355
0.01890704,-0.01222308,-0.03760408,0.9990391
0.02192669,-0.0110205,-0.03842861,0.9989599
0.03054028,-0.007522941,-0.04079047,0.9986725
0.04929855,0.0004185835,-0.04596305,0.9977259
0.03564588,-0.005407116,-0.04219414,0.9984586
-0.01793641,-0.02594719,-0.0275419,0.9991229
-0.03610176,-0.03199815,-0.0226828,0.9985782
-0.03089185,-0.03030661,-0.02408441,0.9987729
-0.02714544,-0.02906596,-0.02509441,0.9988937
-0.02785248,-0.02930162,-0.02490365,0.9988721
-0.03126246,-0.03042814,-0.02398488,0.99876
-0.03754398,-0.03245956,-0.02229515,0.9985188
-0.04069929,-0.03345828,-0.02144795,0.9983808
-0.04233957,-0.03397176,-0.02100784,0.9983046
-0.04973734,-0.03623891,-0.01902478,0.9979234
-0.05305993,-0.03723114,-0.01813452,0.9977322
-0.06238002,-0.03992563,-0.01564694,0.9971308
-0.06215304,-0.03986163,-0.0157073,0.9971466
-0.05856368,-0.03883795,-0.01666514,0.9973886
-0.05902516,-0.03897167,-0.01653748,0.9973584
-0.04449656,-0.03464047,-0.02043151,0.9981998
-0.0368542,-0.03223787,-0.02248461,0.9985474
-0.01368063,-0.02444328,-0.02873224,0.9991946
0.002976891,-0.01838813,-0.03322909,0.9992741
0.001555293,-0.01896871,-0.03273319,0.999283
-0.03833351,-0.0327057,-0.02209673,0.9984852
-0.03617244,-0.03202084,-0.02266385,0.9985754
-0.01926068,-0.02638937,-0.02722447,0.9990953
-0.009930053,-0.02311037,-0.02974841,0.9992408
-0.0009446223,-0.01983875,-0.03218717,0.9992846
-0.0005591917,-0.0196956,-0.03229256,0.9992842
-0.006879119,-0.02201142,-0.03057684,0.9992663
-5.895644E-05,-0.01951011,-0.03242807,0.9992837
0.02020682,-0.01171021,-0.03795245,0.9990066
0.01750617,-0.01277855,-0.03721876,0.9990721
0.04220016,-0.002642456,-0.04399383,0.9981366
0.00479545,-0.01768744,-0.03375888,0.9992619
-0.0419488,-0.03385406,-0.02110182,0.998323
-0.08939849,-0.04699459,-0.008470556,0.9948506
-0.0880462,-0.04666718,-0.008828616,0.9949834
-0.05565829,-0.03800246,-0.01741207,0.9975744
-0.0242067,-0.02807889,-0.02588767,0.9989772
-0.02527677,-0.02843976,-0.02559811,0.998948
-0.04072559,-0.03346664,-0.02144042,0.9983795
-0.05028637,-0.03640334,-0.01887994,0.9978927
-0.04241359,-0.03399529,-0.02098636,0.9983011
-0.03024412,-0.03009348,-0.02425911,0.9987948
-0.02967752,-0.02990664,-0.02441185,0.9988137
-0.02639772,-0.02881626,-0.02529524,0.9989159
-0.02674072,-0.02893056,-0.02520382,0.9989058
-0.01847938,-0.02612001,-0.02743387,0.9991114
-0.02231191,-0.02743588,-0.0263986,0.9990258
-0.02530477,-0.02844937,-0.02559006,0.9989472
-0.03450284,-0.0314819,-0.02311637,0.9986411
-0.01445919,-0.02471751,-0.02852152,0.9991829
-0.002795914,-0.0205217,-0.03168444,0.9992833
0.004968361,-0.01762492,-0.03379784,0.999261
0.0001629348,-0.01942778,-0.03248831,0.9992833
0.005698422,-0.01734888,-0.03399571,0.9992551
-0.001533689,-0.02005685,-0.03202639,0.9992846
-0.01021496,-0.02321197,-0.029672,0.9992379
-0.008239157,-0.02250301,-0.03020716,0.9992564
-0.000267539,-0.01958742,-0.03237185,0.9992839
-0.001912194,-0.02019626,-0.0319243,0.9992843
-0.006846241,-0.02199977,-0.03058512,0.9992666
-0.005298854,-0.02143553,-0.03100976,0.9992751
0.01754305,-0.012764,-0.03722891,0.9990712
0.04207649,-0.002692544,-0.04396388,0.9981431
0.04895902,0.0002674817,-0.04586343,0.9977472
0.03045453,-0.007559388,-0.0407648,0.9986759
0.01356978,-0.01432261,-0.03614296,0.9991519
-0.004887115,-0.02128627,-0.03111974,0.999277
-0.006928531,-0.02202966,-0.03056263,0.999266
-0.005203919,-0.02140321,-0.03103058,0.9992757
-0.007187363,-0.02212343,-0.03049222,0.9992642
-0.02985048,-0.02996179,-0.02437064,0.9988079
-0.04364634,-0.03438042,-0.02064915,0.9982417
-0.05650534,-0.03824196,-0.01721567,0.997521
-0.0586792,-0.03887117,-0.01663426,0.997381
-0.05299509,-0.03721254,-0.01814969,0.9977362
-0.06189815,-0.03978908,-0.01577726,0.9971642
-0.07016693,-0.04207792,-0.01356913,0.996555
-0.07127618,-0.04237622,-0.01327762,0.9964675
-0.07304598,-0.04284953,-0.01280631,0.9963254
-0.06189396,-0.03978865,-0.01577522,0.9971645
-0.06492368,-0.04063889,-0.0149672,0.9969501
-0.06334615,-0.04019763,-0.0153892,0.997063
-0.07602319,-0.04363797,-0.01199921,0.9960784
-0.04561125,-0.03497888,-0.02014909,0.9981434
-0.01499997,-0.02491416,-0.02835723,0.9991748
0.006800949,-0.01692994,-0.03429617,0.9992452
0.01869699,-0.01230832,-0.0375429,0.9990442
0.02868475,-0.008283604,-0.04028263,0.9987422
0.0261493,-0.009317824,-0.03958537,0.9988304
0.02258776,-0.01075552,-0.03860953,0.9989411
0.02000208,-0.01178892,-0.03790191,0.9990117
0.02464299,-0.009929329,-0.03916981,0.9988793
0.02628411,-0.009263094,-0.03962253,0.998826
0.02322154,-0.01050082,-0.03878314,0.9989226
0.01061633,-0.01546737,-0.03533736,0.9991993
0.01077241,-0.0154102,-0.03537363,0.9991972
0.009454568,-0.01591495,-0.03501972,0.9992152
0.002022488,-0.01873386,-0.03299485,0.9992779
-0.01462334,-0.024774,-0.02847996,0.9991803
-0.0117821,-0.02377058,-0.02924731,0.99922
-0.0007666688,-0.01977052,-0.03224029,0.9992843
0.02526065,-0.00967804,-0.03934199,0.9988595
0.01884097,-0.01225089,-0.03758291,0.9990408
0.005845753,-0.01729386,-0.03403402,0.999254
0.006710271,-0.01696462,-0.03427118,0.9992461
9.205978E-05,-0.01945384,-0.03246969,0.9992834
-0.01134621,-0.02361558,-0.02936547,0.9992253
-0.02419867,-0.02807778,-0.02588455,0.9989775
-0.03256552,-0.03085398,-0.02363482,0.9987136
-0.03518319,-0.03170276,-0.02292984,0.9986147
-0.04559137,-0.03497872,-0.02013385,0.9981444
-0.05240574,-0.03703659,-0.01831165,0.9977708
-0.04523113,-0.03486779,-0.02023121,0.9981629
-0.04376133,-0.0344138,-0.02062607,0.9982361
-0.03842311,-0.03274024,-0.02205594,0.9984815
-0.02921979,-0.0297529,-0.02454288,0.9988286
-0.05234311,-0.03702195,-0.01831377,0.9977745
-0.06232362,-0.03990974,-0.01566183,0.9971347
-0.041914,-0.0338459,-0.02109761,0.9983249
0.01509611,-0.01373885,-0.03653754,0.9991238
0.05524135,0.003017043,-0.0475984,0.9973332
0.06893659,0.009172874,-0.05139425,0.9962541
0.06628464,0.007964342,-0.05065797,0.9964821
0.06574799,0.00772089,-0.05050934,0.9965272
0.06226052,0.006145468,-0.04954178,0.9968106
0.05445774,0.002671979,-0.04738167,0.9973876
0.04449876,-0.001657867,-0.04463065,0.9980106
0.03738469,-0.004676496,-0.04267253,0.9983785
0.03647409,-0.005058964,-0.04242126,0.998421
0.0361575,-0.005191613,-0.0423342,0.9984356
0.04083534,-0.00322001,-0.04362196,0.998208
0.04729453,-0.0004549955,-0.04540113,0.9978486
0.05206987,0.001623561,-0.04672206,0.9975485
0.04608254,-0.0009769662,-0.04506826,0.99792
0.04685055,-0.0006457756,-0.04528013,0.9978749
0.03163503,-0.007072544,-0.04109,0.9986295
0.005153895,-0.01755867,-0.03383986,0.9992598
-0.006153182,-0.02174852,-0.03077286,0.9992708
-0.005632411,-0.02156024,-0.03091192,0.9992737
0.01000669,-0.01570333,-0.03516888,0.9992079
0.018823,-0.01225735,-0.03757928,0.9990411
0.02163676,-0.01113667,-0.03834909,0.9989681
0.01329723,-0.01442838,-0.03606923,0.9991567
0.01297132,-0.01455522,-0.03598021,0.9991623
0.01959388,-0.01195207,-0.03778864,0.9990221
0.02554329,-0.009563482,-0.03941944,0.9988504
0.01710908,-0.0129364,-0.03710787,0.9990811
-0.001999528,-0.02023002,-0.0318969,0.9992844
-0.0106897,-0.02338152,-0.02954345,0.9992328
-0.007228,-0.02213813,-0.03048124,0.999264
0.01676421,-0.01307682,-0.03700519,0.9990889
0.04356957,-0.002051963,-0.04438148,0.998062
0.04590795,-0.001051638,-0.04502083,0.9979301
0.03843347,-0.004235812,-0.04296043,0.9983283
0.0479687,-0.0001639135,-0.0455863,0.997808
0.03145331,-0.007146556,-0.04104143,0.9986367
0.02299616,-0.0105912,-0.03872183,0.9989292
0.01554373,-0.01355087,-0.03668226,0.9991142
0.01617428,-0.01330481,-0.03685144,0.9991013
0.01935571,-0.01204852,-0.03771997,0.9990282
0.01881779,-0.01225878,-0.03757921,0.9990413
0.004024931,-0.01798166,-0.03353992,0.9992675
0.02906369,-0.008125495,-0.04039226,0.998728
0.03195743,-0.006939833,-0.04117712,0.9986165
0.05320368,0.002118605,-0.04703233,0.9974732
0.03994893,-0.003595737,-0.04337758,0.9982532
0.04720592,-0.0004940764,-0.04537546,0.9978539
0.02656931,-0.00914936,-0.03969648,0.9988165
0.0162953,-0.01325461,-0.03688977,0.9990985
0.02653847,-0.009159619,-0.03969227,0.9988174
0.01540458,-0.01360464,-0.0366458,0.9991169
0.01043671,-0.01553622,-0.03528947,0.9992018
-0.007859886,-0.02236863,-0.03030453,0.9992595
-0.01779952,-0.02588442,-0.02761769,0.9991248
-0.02843254,-0.02949426,-0.02474784,0.9988539
-0.03129991,-0.03044027,-0.02397532,0.9987587
-0.03621048,-0.03203332,-0.02265282,0.9985738
-0.0330705,-0.03101871,-0.02349818,0.9986951
-0.03184415,-0.03061962,-0.02382536,0.9987395
-0.04221061,-0.03393115,-0.02104368,0.9983107
-0.03720725,-0.03235234,-0.02238487,0.9985329
-0.03547584,-0.03179701,-0.02285116,0.9986032
-0.03052625,-0.03018617,-0.02418374,0.9987853
-0.0262405,-0.02876412,-0.02533599,0.9989204
-0.01519391,-0.02497524,-0.02832313,0.9991713
-0.003701658,-0.02085412,-0.03143855,0.9992813
-0.002737681,-0.02050047,-0.03169979,0.9992834
-0.004844686,-0.02126984,-0.03113314,0.9992772
0.01737303,-0.01283463,-0.03717503,0.9990753
0.03880752,-0.004078074,-0.04306335,0.9983101
0.05433282,0.002618544,-0.04734967,0.9973961
0.05141176,0.001335674,-0.04654024,0.9975916
0.05723326,0.003899075,-0.04814865,0.9971914
0.0654662,0.007592948,-0.05043095,0.9965506
0.0631609,0.00654988,-0.04979006,0.996739
0.05748753,0.004012798,-0.04822055,0.9971729
0.05515992,0.002981425,-0.04757547,0.997339
0.05370317,0.002339929,-0.04717294,0.9974394
0.04907254,0.0003163881,-0.04589373,0.9977402
0.04747833,-0.0003758606,-0.04545135,0.9978376
0.04141821,-0.002971815,-0.04378361,0.9981777
0.0516086,0.001421276,-0.04659402,0.9975789
0.05604021,0.00336957,-0.0478175,0.9972771
0.06574158,0.007718441,-0.05050814,0.9965277
0.06715151,0.008359222,-0.05089968,0.9964085
0.076243,0.0125428,-0.05342534,0.9955779
0.09128055,0.01965932,-0.05761926,0.9939625
0.1048115,0.02625367,-0.06139991,0.9922476
0.1063496,0.02702228,-0.06184018,0.992036
0.08284578,0.01563792,-0.05526422,0.994906
0.07613457,0.01249199,-0.05339472,0.9955885
0.06852664,0.008985563,-0.05128043,0.99629
0.06749214,0.008515324,-0.05099574,0.9963793
0.05258676,0.001849628,-0.04686429,0.9975144
0.03626399,-0.005147655,-0.04236226,0.9984306
0.02055139,-0.01156727,-0.0380579,0.9989972
-0.001101463,-0.01989789,-0.03214236,0.9992846
-0.02795447,-0.02933563,-0.02487612,0.9988689
-0.04785005,-0.03566714,-0.01953388,0.9980264
-0.06057981,-0.03941582,-0.01612493,0.9972544
-0.07960253,-0.04456075,-0.01106651,0.9957687
-0.1005066,-0.04957395,-0.005536288,0.9936852
-0.1069847,-0.05098923,-0.003824077,0.992945
-0.08951136,-0.04702143,-0.008443709,0.9948394
-0.07893722,-0.04439039,-0.01124108,0.9958273
-0.08231381,-0.04524926,-0.0103468,0.9955249
-0.09384771,-0.04805043,-0.007295867,0.9943995
-0.06174672,-0.03974887,-0.0158026,0.9971749
-0.01559886,-0.02511971,-0.02820634,0.9991647
0.02206949,-0.01096336,-0.03846762,0.9989559
0.05697376,0.003781722,-0.04807442,0.9972104
0.08580806,0.01704466,-0.05609496,0.9945853
0.1006792,0.02422218,-0.06024565,0.9927978
0.1001106,0.0239442,-0.06008717,0.9928716
0.0918715,0.01994338,-0.0577838,0.9938928
0.08648938,0.01736496,-0.05627936,0.9945102
0.07805111,0.01338576,-0.05392867,0.9953997
0.07004955,0.009682295,-0.05170343,0.9961557
0.06442608,0.007122552,-0.05014336,0.9966363
0.056949,0.003769991,-0.0480657,0.9972123
0.05465861,0.002760494,-0.04743711,0.9973738
0.05869212,0.00454829,-0.04855341,0.9970843
0.05931283,0.004825031,-0.04872535,0.9970379
0.06053613,0.005371849,-0.04906405,0.996945
0.05878896,0.00459125,-0.04857995,0.9970771
0.05689242,0.003748305,-0.04805523,0.9972161
0.04071807,-0.00327673,-0.04357779,0.9982145
0.00771786,-0.0165813,-0.03454307,0.9992358
-0.003986017,-0.02095596,-0.03136653,0.9992803
0.01431753,-0.01403086,-0.03634724,0.9991381
0.03036255,-0.007595345,-0.04074304,0.9986793
0.02904987,-0.00813859,-0.04037448,0.9987291
0.01743991,-0.01280444,-0.03720117,0.9990736
0.01593459,-0.01339744,-0.03678914,0.9991062
0.01666169,-0.01311156,-0.03698778,0.9990908
0.02060342,-0.01154938,-0.03806631,0.998996
0.01690011,-0.01301786,-0.03705256,0.9990856
0.009461801,-0.01591226,-0.03502171,0.9992151
0.008724628,-0.01619767,-0.03481531,0.9992244
-0.003292011,-0.02070297,-0.0315519,0.9992823
-0.003760218,-0.02087535,-0.03142324,0.9992811
-0.01233878,-0.02396861,-0.02909562,0.999213
0.002343937,-0.01861304,-0.03308329,0.9992765
0.004395543,-0.01784223,-0.03363996,0.9992651
0.005856451,-0.01728893,-0.0340388,0.9992539
-0.001465227,-0.020031,-0.03204625,0.9992846
0.007310346,-0.01673797,-0.03443065,0.9992402
0.02639445,-0.009218206,-0.03965303,0.9988222
0.03607778,-0.005224856,-0.04231235,0.9984391
0.03848223,-0.004215238,-0.04297381,0.9983259
0.04018028,-0.003498574,-0.04344009,0.9982415
0.02703349,-0.008958597,-0.03982752,0.9988006
0.01406197,-0.0141306,-0.03627755,0.9991428
0.001104605,-0.0190768,-0.03274509,0.9992811
-0.007876692,-0.02237224,-0.03030577,0.9992592
-0.01089662,-0.02345557,-0.02948678,0.9992305
-0.01553063,-0.02509348,-0.02823147,0.9991657
-0.0235394,-0.02785304,-0.02606696,0.9989948
-0.02491389,-0.02831768,-0.02569571,0.9989581
-0.02362279,-0.02788257,-0.02604105,0.9989927
-0.01380772,-0.0244877,-0.02869884,0.9991928
-0.02309032,-0.02770074,-0.02618821,0.9990064
-0.01749837,-0.02577969,-0.02769953,0.9991306
-0.01573381,-0.02516508,-0.02817526,0.9991623
-0.007711249,-0.02231274,-0.03035001,0.9992604
-0.002134162,-0.02027793,-0.03186445,0.9992842
0.001980953,-0.01874932,-0.03298359,0.999278
-0.00377321,-0.02088067,-0.0314185,0.9992811
-0.003400589,-0.02074376,-0.03152027,0.9992821
0.001491375,-0.01893244,-0.0328503,0.9992799
0.01077009,-0.01541329,-0.03536869,0.9991974
0.02154624,-0.01117425,-0.03832172,0.9989707
0.01301621,-0.01453728,-0.03599335,0.9991615
0.02326377,-0.01048383,-0.0387947,0.9989213
0.02704303,-0.008954035,-0.03983147,0.9988002
0.01590172,-0.01341289,-0.03677519,0.9991069
0.001187087,-0.01904601,-0.03276758,0.9992808
-0.007529103,-0.02224698,-0.03039952,0.9992619
-0.00821653,-0.02249351,-0.03021692,0.9992564
-0.02915216,-0.02973711,-0.02454505,0.998831
-0.07858657,-0.04430297,-0.01132082,0.9958581
-0.1180289,-0.05324738,-0.0009254799,0.9915811
-0.07388378,-0.04307098,-0.01258623,0.9962568
-0.01371067,-0.0244794,-0.02866285,0.9991953
0.03602703,-0.00524295,-0.04230605,0.9984412
0.01487217,-0.01381395,-0.03649873,0.9991275
0.05173236,0.00145975,-0.04660516,0.9975719
0.08849175,0.01833783,-0.05686267,0.9942834
0.06791127,0.008690745,-0.05108965,0.9963446
0.06469519,0.007243635,-0.05021706,0.9966145
0.1497159,0.04931998,-0.07405525,0.9847175
0.1694515,0.05988397,-0.07959321,0.9804922
0.1522484,0.05073838,-0.07484172,0.9841976
0.07101451,0.01012534,-0.0519715,0.996069
0.09097433,0.01951521,-0.05753782,0.9939981
0.08175299,0.0151265,-0.05496581,0.9950208
0.05333397,0.002212312,-0.04713739,0.9974611
-0.03746867,-0.0324355,-0.02231551,0.998522
-0.01202103,-0.02385761,-0.02917801,0.9992171
-0.05606443,-0.0381159,-0.01732134,0.9975489
-0.03186186,-0.03064086,-0.02377072,0.9987396
-0.01000282,-0.02313652,-0.0297286,0.99924
0.03456468,-0.005845056,-0.04191792,0.9985059
0.05288543,0.001969178,-0.04692905,0.9974954
0.05211214,0.001638959,-0.04672886,0.9975461
0.0566208,0.003627861,-0.04798,0.9972357
0.03677088,-0.004948864,-0.04247731,0.9984083
0.009041466,-0.01606758,-0.03491888,0.9992201
0.01163431,-0.01507391,-0.03561536,0.9991841
0.0208212,-0.01146258,-0.03812583,0.9989902
-7.088709E-05,-0.01951307,-0.03242814,0.9992836
0.01023787,-0.01561176,-0.03523747,0.9992046
-0.007607709,-0.02227207,-0.0303851,0.9992611
0.03044985,-0.007560193,-0.04076568,0.9986761
0.02650592,-0.009229185,-0.03957292,0.9988225
-0.04714341,-0.03543721,-0.01975906,0.9980637
-0.04896084,-0.03600371,-0.01923596,0.9979663
-0.02704181,-0.02903143,-0.02512214,0.9988968
-0.001149265,-0.01991612,-0.0321283,0.9992847
0.02337042,-0.01043683,-0.03883179,0.9989179
0.04833383,-1.025968E-05,-0.04567978,0.9977862
0.048685,0.000148037,-0.04578646,0.9977642
0.05150479,0.001375814,-0.04656529,0.9975856
0.05121898,0.001250743,-0.04648594,0.9976042
0.04432419,-0.001732432,-0.04458316,0.9980205
0.03801508,-0.004411941,-0.04284525,0.9983484
0.04734601,-0.000430543,-0.0454191,0.9978454
0.02557707,-0.009559041,-0.03941162,0.9988499
0.03713064,-0.004795218,-0.04258137,0.9983913
0.03841441,-0.0042438,-0.04295516,0.9983292
0.05826423,0.00436039,-0.0484391,0.9971158
0.06066634,0.005430285,-0.04910047,0.9969349
0.06601881,0.007843241,-0.05058384,0.9965045
0.06654877,0.008084245,-0.05073138,0.9964598
0.09023103,0.01915903,-0.05733147,0.9940847
0.07136823,0.0102822,-0.0520619,0.9960373
0.04908888,0.000323706,-0.04589871,0.9977391
0.03002726,-0.007733874,-0.0406496,0.9986922
0.02819863,-0.008482761,-0.04014842,0.9987597
0.02231951,-0.01086657,-0.0385295,0.9989491
0.009633562,-0.01584544,-0.03507016,0.9992128
-0.002416513,-0.02038203,-0.03178773,0.9992839
-0.0184964,-0.02612912,-0.02742065,0.9991112
-0.04628744,-0.0351913,-0.01994941,0.9981088
-0.05925903,-0.03903738,-0.01648076,0.9973429
-0.05079377,-0.03655607,-0.01874198,0.9978639
-0.02613943,-0.02873391,-0.02535368,0.9989235
0.002805331,-0.01843747,-0.03321506,0.9992743
0.01426906,-0.01404995,-0.03633367,0.9991391
0.01153979,-0.01511099,-0.03558869,0.9991856
-0.04163849,-0.03376224,-0.02115581,0.998338
-0.08424776,-0.04572389,-0.009881863,0.9953461
-0.04676905,-0.03532594,-0.01984572,0.9980836
0.03731473,-0.004706376,-0.04265263,0.9983817
0.06446666,0.007144354,-0.05015986,0.9966328
0.04628233,-0.0008930631,-0.04511967,0.9979085
0.03900642,-0.003993508,-0.04311918,0.9983003
0.0447274,-0.00155941,-0.04469442,0.9979977
0.05204917,0.001614335,-0.0467162,0.99755
0.05225615,0.001705306,-0.04677369,0.9975362
0.05888125,0.004631691,-0.04860449,0.9970703
0.06875023,0.009087638,-0.05134251,0.9962705
0.0591969,0.004773995,-0.04869431,0.9970465
0.05298286,0.002022204,-0.04697211,0.997488
0.05536914,0.003075603,-0.0476362,0.9973242
0.03786439,-0.004475351,-0.04280379,0.9983557
0.02162621,-0.01114432,-0.03833953,0.9989685
-0.003091041,-0.02062954,-0.03160519,0.9992828
-0.01363902,-0.02442828,-0.02874427,0.9991952
-0.01890033,-0.02626557,-0.02732007,0.9991029
-0.001722082,-0.02012593,-0.03197654,0.9992845
0.01445966,-0.01397627,-0.03638427,0.9991355
0.02311711,-0.01054207,-0.03875599,0.9989256
0.01368736,-0.01427678,-0.03617511,0.9991497
-0.002733701,-0.02049832,-0.03170228,0.9992834
-0.01202508,-0.02385651,-0.02918261,0.999217
-0.02312985,-0.02771502,-0.0261751,0.9990054
-0.02510218,-0.02838101,-0.02564524,0.9989529
-0.04332918,-0.03427916,-0.020744,0.9982571
-0.04858208,-0.03588986,-0.01933523,0.997987
-0.05500343,-0.03780384,-0.01761478,0.9976149
-0.05620903,-0.03815592,-0.01729397,0.9975397
-0.05371984,-0.0374266,-0.01795683,0.9976929
-0.04904546,-0.03602902,-0.01921438,0.9979616
-0.03280335,-0.03093438,-0.02356127,0.998705
-0.009303319,-0.02288578,-0.02991829,0.999247
0.01564103,-0.01351109,-0.03671243,0.9991121
0.03536173,-0.005528112,-0.0421087,0.9984717
0.03782361,-0.00449162,-0.0427942,0.9983575
0.05044363,0.0009127816,-0.04627213,0.997654
0.04516193,-0.001374003,-0.04481254,0.9979731
0.04876627,0.0001823709,-0.04580749,0.9977592
0.05194551,0.001568286,-0.04668616,0.9975568
0.0639732,0.006917333,-0.05001684,0.9966734
0.05279733,0.001941924,-0.04692242,0.9975004
0.06063313,0.005416261,-0.04909228,0.9969374
0.06757187,0.008549148,-0.05101418,0.9963727
0.06374881,0.006816092,-0.04995466,0.9966916
0.07076794,0.01001102,-0.05190166,0.9960913
0.0654306,0.007577196,-0.0504217,0.9965535
0.0618318,0.005958358,-0.04943169,0.9968439
0.03041347,-0.00757512,-0.04075565,0.9986774
-0.005355448,-0.02147044,-0.03095898,0.9992756
-0.0480924,-0.03573327,-0.01949344,0.9980131
-0.07924666,-0.04447247,-0.01114474,0.9958002
-0.09649216,-0.04866413,-0.006595646,0.9941214
-0.03587828,-0.03192716,-0.02274673,0.998587
0.01358779,-0.01432196,-0.03613822,0.9991518
0.02176785,-0.01108306,-0.0383873,0.9989643
0.01065723,-0.01545198,-0.03534785,0.9991988
0.001130383,-0.01906767,-0.03275099,0.999281
-0.00234421,-0.02035559,-0.03180677,0.999284
0.008484695,-0.01628711,-0.03475504,0.9992272
0.01830768,-0.01246168,-0.03743801,0.9990535
0.01675129,-0.01307686,-0.03701114,0.9990889
0.0210943,-0.01135307,-0.03820151,0.9989829
0.01117723,-0.01525095,-0.03549034,0.9991912
-0.004831223,-0.02126731,-0.03113184,0.9992773
0.0005098297,-0.01929987,-0.03258011,0.9992827
0.01501708,-0.01375684,-0.03653923,0.9991246
0.02156067,-0.01116603,-0.03833023,0.9989702
0.03582403,-0.005331057,-0.04224246,0.9984507
0.04727788,-0.000459925,-0.04540024,0.9978493
0.05611291,0.003398195,-0.04783202,0.9972722
0.05346359,0.002232375,-0.0471034,0.9974557
0.05553529,0.003147517,-0.04767972,0.9973127
0.05176073,0.001483871,-0.04662952,0.9975692
0.0347658,-0.005771157,-0.04195425,0.9984977
0.03647362,-0.005059267,-0.04242094,0.998421
0.04186508,-0.002782549,-0.04390541,0.9981542
0.04905558,0.0003094692,-0.04588984,0.9977412
0.06171774,0.00589634,-0.0493835,0.9968538
0.06270204,0.006343978,-0.04966394,0.9967756
0.05244207,0.001786164,-0.04682435,0.997524
0.05044769,0.0009143787,-0.04627294,0.9976538
0.05181978,0.001514587,-0.04665374,0.997565
0.039081,-0.003968225,-0.0431294,0.9982969
0.0314623,-0.007143005,-0.04104366,0.9986362
0.01510581,-0.01371947,-0.03656876,0.9991227
0.0017028,-0.01886249,-0.03288863,0.9992796
-0.03354391,-0.03117452,-0.02336424,0.9986777
-0.04438727,-0.03460745,-0.02045818,0.9982051
-0.02523328,-0.02842478,-0.02561106,0.9989492
-0.02317417,-0.02773046,-0.02616207,0.9990042
-0.03207548,-0.03069364,-0.02376801,0.9987313
-0.01934451,-0.0264189,-0.02720002,0.9990936
-0.01898704,-0.02629553,-0.02729666,0.999101
-0.02113827,-0.02703502,-0.02671579,0.9990537
-0.02965731,-0.02990041,-0.02441584,0.9988145
-0.03303422,-0.03100686,-0.02350794,0.9986964
-0.02737291,-0.02914367,-0.02502799,0.9988869
-0.0112115,-0.02356699,-0.02940365,0.9992269
-0.001683804,-0.02011222,-0.03198573,0.9992846
-0.001859052,-0.02017648,-0.03193925,0.9992844
-0.008149163,-0.02247049,-0.03023183,0.999257
-0.004242415,-0.02105238,-0.03129112,0.9992796
0.00201322,-0.01873658,-0.03299385,0.9992779
0.01564702,-0.01351031,-0.03671051,0.9991121
0.02720408,-0.008895881,-0.0398623,0.9987952
0.05455519,0.002717065,-0.04741239,0.9973808
0.06233692,0.006180433,-0.04956381,0.9968045
0.06438129,0.007101854,-0.05013009,0.9966401
0.06536596,0.00754746,-0.05040297,0.996559
0.06698888,0.008284817,-0.0508539,0.9964224
0.071307,0.01025938,-0.05205229,0.9960425
0.07753853,0.01314642,-0.05378594,0.9954507
0.07787856,0.01330506,-0.05388055,0.9954169
0.07949601,0.01406183,-0.05433095,0.9952542
0.0754898,0.01219193,-0.05321481,0.9956509
0.07027213,0.009784441,-0.05176524,0.9961358
0.05908015,0.00471999,-0.04865896,0.9970554
0.04641805,-0.0008296296,-0.04516527,0.9979002
0.030381,-0.00758827,-0.04074748,0.9986787
0.003953176,-0.01800865,-0.03352044,0.9992679
-0.01669832,-0.02550051,-0.02791775,0.9991453
-0.01859828,-0.02615972,-0.02740494,0.9991089
0.007329938,-0.01673273,-0.03443092,0.9992401
0.02310136,-0.01054918,-0.03875026,0.9989262
0.0008372833,-0.01917943,-0.03266574,0.9992819
-0.03414275,-0.03136926,-0.02320057,0.998655
-0.05614896,-0.03813768,-0.01731231,0.9975436
-0.04637477,-0.03521843,-0.01992536,0.9981042
-0.03523787,-0.03172091,-0.02291357,0.9986126
-0.02819959,-0.02941679,-0.02481092,0.9988613
-0.02535709,-0.02846695,-0.025576,0.9989457
-0.01921905,-0.02637562,-0.02723388,0.9990962
-0.01355579,-0.02439935,-0.02876564,0.9991964
-0.0206876,-0.02688069,-0.02683737,0.9990641
-0.01782102,-0.02589191,-0.02761182,0.9991244
-0.009126504,-0.02282231,-0.02996621,0.9992487
0.002674758,-0.01849024,-0.03317058,0.999275
0.01704301,-0.01296118,-0.03709238,0.9990824
0.01578284,-0.01345702,-0.03674762,0.9991093
0.006353965,-0.01709996,-0.03417435,0.9992494
0.008260521,-0.01637307,-0.03469369,0.9992297
0.0121267,-0.01488328,-0.03574951,0.9991764
0.007041448,-0.01683868,-0.03436099,0.9992428
0.002680428,-0.01848728,-0.03317389,0.999275
-0.004521464,-0.02115414,-0.03121598,0.9992785
-0.01133533,-0.02361159,-0.02936865,0.9992254
-0.02396052,-0.02799663,-0.02595057,0.9989839
-0.02215615,-0.02738293,-0.02644042,0.9990296
-0.02039067,-0.02677912,-0.02691673,0.9990708
-0.0178829,-0.02591332,-0.02759524,0.9991232
-0.01521076,-0.02498133,-0.02831817,0.999171
-0.00586809,-0.02164495,-0.03085027,0.9992724
-0.0007210634,-0.01975786,-0.03224365,0.9992846
0.02071775,-0.01150474,-0.03809597,0.9989929
0.03346159,-0.006315009,-0.0415937,0.9985542
0.02616807,-0.00931017,-0.03959075,0.9988298
0.007097907,-0.01681277,-0.03438652,0.999242
-0.02320265,-0.02775843,-0.02610408,0.9990044
-0.05574893,-0.03801896,-0.01742565,0.9975685
-0.03777764,-0.03253402,-0.0222324,0.998509
-0.0001525772,-0.01953873,-0.03241766,0.9992834
-0.005154252,-0.02138574,-0.03104314,0.9992759
-0.03236865,-0.03079289,-0.02367859,0.9987208
-0.04517741,-0.034851,-0.02024633,0.9981655
-0.04175644,-0.03379113,-0.02115949,0.998332
-0.03187605,-0.03062852,-0.02382146,0.9987383
-0.02778109,-0.0292779,-0.02492278,0.9988743
-0.01558161,-0.02511135,-0.02821765,0.9991648
-0.0005098456,-0.01967751,-0.03230561,0.9992842
0.009480679,-0.01590346,-0.03503026,0.9992147
-0.002460415,-0.02040049,-0.03177058,0.999284
-0.009369065,-0.02290937,-0.02990046,0.9992464
-0.007877357,-0.02237323,-0.03030379,0.9992592
0.002588297,-0.01852177,-0.03314887,0.9992754
0.01033332,-0.01557687,-0.0352594,0.9992034
0.01637622,-0.01322388,-0.03690989,0.999097
0.03008604,-0.007708917,-0.04066726,0.9986899
0.03496884,-0.00568794,-0.04200767,0.9984889
0.0407704,-0.003247835,-0.04360367,0.9982113
0.04690382,-0.0006227996,-0.04529478,0.9978718
0.03760481,-0.004583912,-0.04273337,0.998368
0.03438732,-0.005930764,-0.04184697,0.9985144
0.02949946,-0.007950433,-0.04050494,0.9987122
0.02357469,-0.0103587,-0.0388799,0.998912
0.01541782,-0.01360023,-0.03664787,0.9991168
0.01144553,-0.01514699,-0.0355637,0.9991871
0.01776903,-0.01267526,-0.0372896,0.9990661
0.01945952,-0.01200485,-0.03775312,0.9990254
0.02526582,-0.009675998,-0.03934318,0.9988593
0.02845798,-0.008376941,-0.04021928,0.9987504
0.0315177,-0.007120299,-0.04105853,0.9986341
0.034517,-0.00587652,-0.04188307,0.9985088
0.02892033,-0.008188105,-0.04034555,0.9987336
0.02281252,-0.01066478,-0.03867207,0.9989346
0.014658,-0.01389656,-0.03644295,0.9991316
-0.005792915,-0.02161767,-0.03087066,0.9992728
-0.02761877,-0.02922113,-0.02497399,0.9988793
-0.01306634,-0.0242309,-0.02888611,0.9992036
0.01980236,-0.01187219,-0.03783998,0.999017
0.03350774,-0.006296257,-0.0416057,0.9985523
0.02460329,-0.009944131,-0.03916121,0.9988805
0.01484878,-0.01382282,-0.03649293,0.999128
0.007845725,-0.01652641,-0.03459248,0.9992341
-0.02674711,-0.02893292,-0.02520158,0.9989057
-0.05097941,-0.03661168,-0.01869181,0.9978533
-0.07458626,-0.0432574,-0.01239722,0.9961988
-0.09485801,-0.04828674,-0.007024821,0.9942942
-0.09517951,-0.0483611,-0.00694234,0.9942605
-0.08653001,-0.04629672,-0.009237178,0.99513
-0.1098243,-0.05159842,-0.002926074,0.9926065
-0.1444707,-0.05785757,0.005972949,0.9877981
-0.1161877,-0.05288453,-0.001409114,0.9918173
-0.04388125,-0.03446645,-0.02055452,0.9982304
0.03278268,-0.006596208,-0.04141776,0.9985821
0.0729557,0.01101807,-0.05251024,0.9958909
0.07451341,0.01173982,-0.05294416,0.9957443
0.0747761,0.01186119,-0.05301674,0.9957194
0.07812707,0.01342137,-0.05394985,0.9953921
0.07746425,0.01311177,-0.05376523,0.9954581
0.0794194,0.01402599,-0.05430954,0.9952619
0.07400067,0.01150199,-0.05280105,0.9957929
0.08142465,0.01496792,-0.05486834,0.9950555
0.08344021,0.01591897,-0.05543012,0.9948427
0.07972696,0.01417015,-0.05439517,0.9952306
0.05562298,0.003184042,-0.04770028,0.9973067
0.03228247,-0.006802373,-0.04127185,0.998603
0.02099226,-0.01138684,-0.03818813,0.9989851
-0.01859388,-0.02615972,-0.02740291,0.9991091