0.03257962,-0.03085882,0.02363029,0.9987131
-0.07613336,0.01257116,0.05352359,0.9955807
-0.06136441,0.005746212,0.04929866,0.9968807
-0.03800457,-0.004415398,0.04284513,0.9983488
0.0009915298,-0.01985579,0.03217502,0.9992846
0.05429302,-0.03760025,0.01777713,0.9976586
0.1123683,-0.05211102,0.002431468,0.9922962
0.1468973,-0.05822295,-0.006632891,0.9874144
0.1603002,-0.06006991,-0.01011707,0.9851869
0.1500686,-0.05868708,-0.007456246,0.986904
0.1313759,-0.05571617,-0.002573015,0.9897624
0.116265,-0.05289961,0.001391112,0.9918075
0.09557603,-0.04845291,0.006837631,0.9942186
0.05983384,-0.03920449,0.01631816,0.9973047
0.01715911,-0.02566504,0.0277845,0.9991371
-0.01061764,-0.01546761,0.03533667,0.9991994
-0.01615233,-0.01331191,0.03684857,0.9991016
-0.01702099,-0.01296985,0.03708633,0.999083
-0.02051591,-0.01158568,0.03803961,0.9989983
-0.02717754,-0.008897556,0.03987142,0.9987955
-0.0458023,-0.001097634,0.04499092,0.9979363
-0.04724304,-0.0004769554,0.04538735,0.9978516
-0.03300932,-0.006502673,0.04146935,0.9985731
-0.01260901,-0.01469819,0.03587703,0.9991686
0.002331283,-0.0203506,0.03181085,0.999284
0.02615599,-0.0287361,0.02535747,0.9989229
0.05338236,-0.03732617,0.01804902,0.997713
0.04561624,-0.03498731,0.02012334,0.9981433
0.02565573,-0.02856716,0.02549592,0.9989373
0.00652958,-0.02188072,0.03068234,0.9992684
0.03227226,-0.03076806,0.02369374,0.9987243
0.1012794,-0.04975114,0.005282704,0.9935992
0.1166712,-0.05298023,0.001282065,0.9917556
0.09470654,-0.04825116,0.007059978,0.9943101
0.03787426,-0.03257301,0.02217471,0.9985053
-0.02848216,-0.008373599,0.04021339,0.99875
-0.07726202,0.01301741,0.0537089,0.995478
-0.08687131,0.01754818,0.05638783,0.9944676
-0.0862512,0.01725208,0.05621364,0.9945366
-0.08019671,0.01439026,0.05452578,0.9951826
-0.08289148,0.01565945,0.05527692,0.9949011
-0.08749036,0.01784273,0.0565598,0.9943984
-0.090218,0.01914894,0.05732261,0.9940865
-0.08336241,0.01589608,0.05542868,0.9948496
-0.03628698,-0.005137349,0.04236979,0.9984295
0.05269707,-0.03715695,0.01807298,0.9977553
0.1956478,-0.06345519,-0.01935671,0.9784276
0.2495581,-0.06458873,-0.03311489,0.9656358
0.1944677,-0.06341559,-0.01897474,0.978673
0.05487403,-0.03777581,0.01770585,0.9976214
-0.004038202,-0.01795146,0.03360844,0.9992657
0.01504005,-0.0249249,0.0283559,0.9991739
0.03215338,-0.03071975,0.02374503,0.9987285
0.05772617,-0.03859952,0.01687604,0.9974432
0.0450035,-0.03480298,0.02027358,0.9981746
0.06233414,-0.03990775,0.01567804,0.9971339
0.02120322,-0.02705743,0.02669776,0.9990522
0.002307013,-0.02033951,0.03182245,0.9992839
-0.005178586,-0.01755258,0.03383951,0.9992597
-0.0225322,-0.0107768,0.03859637,0.9989427
-0.01333972,-0.01441222,0.03608017,0.9991559
-0.002071107,-0.01871616,0.03300686,0.9992777
0.007553782,-0.02225541,0.03039394,0.9992617
0.009462121,-0.02294262,0.02987545,0.9992455
0.004970304,-0.02131802,0.03109398,0.9992768
0.0367372,-0.03219938,0.02251866,0.9985522
0.03030638,-0.03012733,0.02420279,0.9987932
0.005148483,-0.02138148,0.03104961,0.9992759
-0.0008377289,-0.01917632,0.03267249,0.9992818
-0.03331783,-0.006379262,0.04154678,0.9985605
-0.05827238,0.004366527,0.04844546,0.997115
-0.0659185,0.00779788,0.05055612,0.9965129
-0.06994414,0.00963401,0.05167414,0.9961651
-0.06762994,0.008575843,0.0510308,0.9963676
-0.06516184,0.00744825,0.05033657,0.9965765
-0.04702149,-0.000569968,0.04533078,0.9978645
-0.02657681,-0.009144031,0.03970283,0.9988162
-0.001056931,-0.01909456,0.03273182,0.9992812
0.020847,-0.02693568,0.0267931,0.9990605
0.02497436,-0.02833655,0.02568345,0.9989563
0.006224185,-0.02177433,0.03075359,0.9992704
-0.02221863,-0.0108989,0.03851778,0.9989514
-0.01102183,-0.01531489,0.03543972,0.9991937
-0.006173975,-0.01716806,0.03412595,0.999251
-0.01212554,-0.01488401,0.03574864,0.9991764
-0.0171208,-0.01293017,0.0371143,0.9990807
-0.02383592,-0.01025662,0.0389456,0.9989043
-0.03033901,-0.0076054,0.04073583,0.9986802
-0.02823682,-0.008467534,0.04015819,0.9987584
-0.02116761,-0.01132583,0.03821752,0.998981
-0.01042093,-0.01554207,0.03528541,0.9992021
-0.00495776,-0.0176297,0.03379334,0.9992611
-0.0003000592,-0.01937653,0.03252625,0.999283
0.005129504,-0.0213764,0.03105004,0.9992761
0.01560384,-0.02511951,0.02821072,0.9991645
0.01849393,-0.02612497,0.02743013,0.9991111
0.01612497,-0.02530135,0.02807061,0.9991555
0.002016621,-0.02023597,0.03189316,0.9992844
-0.01894641,-0.01220957,0.03761093,0.9990382
-0.01714509,-0.01292091,0.03712042,0.9990802
0.0001472627,-0.01954277,0.03240458,0.9992838
0.025287,-0.02844057,0.02560234,0.9989476
0.01937401,-0.02642802,0.0271938,0.9990929
-0.01085708,-0.01537228,0.03540583,0.9991958
-0.05436621,0.002631659,0.04735634,0.997394
-0.07637829,0.01260972,0.05346871,0.9955644
-0.0711097,0.01016863,0.05199739,0.9960604
-0.0552077,0.00300193,0.04758767,0.9973357
-0.04014437,-0.003513042,0.04343145,0.9982433
-0.02995615,-0.007762569,0.04063119,0.9986949
-0.01757788,-0.01274893,0.03724154,0.9990703
0.01010319,-0.02317427,0.02969758,0.9992391
0.04115167,-0.03360039,0.02132624,0.99836
0.06637776,-0.04104051,0.01458626,0.9968435
0.07341474,-0.04294672,0.01271245,0.9962953
0.0596112,-0.03914007,0.01637911,0.9973195
0.05021342,-0.03638205,0.0188973,0.9978967
0.03212994,-0.03071104,0.02375457,0.9987292
0.03702536,-0.03229397,0.0224346,0.9985405
0.03578605,-0.03189506,0.02277265,0.9985907
0.01250135,-0.02402629,0.02905162,0.9992109
-0.02287833,-0.01064399,0.03868048,0.998933
-0.05130503,0.001294187,0.04651948,0.9975981
-0.04924858,0.0003929859,0.04594256,0.9977293
-0.03701539,-0.004832028,0.04257015,0.9983959
-0.0184858,-0.01239099,0.03748685,0.9990492
-0.00859557,-0.01624319,0.0347883,0.9992258
0.0009034709,-0.01982424,0.0321967,0.9992846
0.00796424,-0.02240399,0.03028146,0.9992585
0.01285296,-0.02415075,0.0289565,0.9992062
0.01990879,-0.02661371,0.02704632,0.9990816
0.02639055,-0.02881332,0.02529847,0.9989161
0.03532501,-0.03174843,0.02289166,0.9986091
0.03296391,-0.03098502,0.02352381,0.9986991
0.01703407,-0.02561839,0.02782477,0.9991393
0.006422578,-0.02184617,0.03070026,0.9992692
0.01537342,-0.02503841,0.028274,0.9991683
0.007644233,-0.02229025,0.03036412,0.9992611
-0.007662431,-0.01659906,0.03453599,0.9992362
-0.02474652,-0.009888695,0.03919571,0.9988761
-0.03491352,-0.005711331,0.04199209,0.9984914
-0.05538462,0.003081722,0.04763938,0.9973232
-0.06666936,0.008139859,0.05076589,0.9964495
-0.06929573,0.009337206,0.05149417,0.9962225
-0.06688671,0.00823806,0.05082515,0.9964311
-0.06318752,0.006563309,0.04979952,0.9967368
-0.05742909,0.003986186,0.04820337,0.9971772
-0.0427701,-0.002395299,0.04415778,0.9981057
-0.01839326,-0.01242779,0.03746139,0.9990515
0.0003050418,-0.01960358,0.03235641,0.9992841
0.01609324,-0.02528867,0.02808316,0.999156
0.01398618,-0.02454779,0.02865695,0.99919
-0.01357885,-0.01431907,0.03614547,0.9991516
0.006353127,-0.02181823,0.03072597,0.9992695
0.03034593,-0.03011935,0.02427478,0.9987907
0.1178135,-0.0532141,0.0008607912,0.9916086
0.09246475,-0.04772587,0.007659699,0.9945419
0.1093728,-0.05149595,0.003172342,0.9926609
0.05776434,-0.03860719,0.01688402,0.9974405
0.07609767,-0.0436601,0.01196553,0.9960721
0.07708197,-0.04391063,0.01173483,0.9959882
0.07546515,-0.04348838,0.01216493,0.9961255
0.06784287,-0.04144605,0.01418444,0.9967338
0.0628095,-0.04004592,0.01553561,0.9971007
0.04614605,-0.03514836,0.01998668,0.9981161
0.03663854,-0.03217044,0.02253785,0.9985563
0.03798025,-0.03260013,0.02217257,0.9985004
0.02677684,-0.0289421,0.02519568,0.9989047
0.01302828,-0.02421282,0.02890889,0.9992038
0.0002683675,-0.01958692,0.03237341,0.9992839
-0.01998185,-0.01180516,0.03788047,0.9990127
-0.02544565,-0.009603056,0.03939288,0.9988536
-0.02240563,-0.01082858,0.0385597,0.9989464
-0.03933602,-0.003852738,0.0432128,0.9982837
-0.04682762,-0.0006597459,0.04526715,0.9978766
-0.0567669,0.003695232,0.04802433,0.9972249
-0.07411636,0.01155586,0.05283374,0.995782
-0.04871926,0.000162879,0.04579583,0.9977621
-0.05714495,0.003862287,0.04812802,0.9971977
-0.07780564,0.01325978,0.05384417,0.9954251
-0.05121702,0.001250092,0.04648583,0.9976043
-0.05273605,0.001913936,0.04690373,0.9975045
-0.04072283,-0.003266066,0.04359378,0.9982136
-0.05446316,0.002668842,0.04737427,0.9973877
-0.04930171,0.0004157781,0.04595674,0.997726
-0.04341378,-0.00212298,0.04433072,0.9980709
-0.03490704,-0.005709885,0.04199766,0.9984913
-0.01320922,-0.01446944,0.03603169,0.9991586
-0.002110773,-0.01870077,0.03301887,0.9992775
0.004688699,-0.02121592,0.03116901,0.9992779
0.002313173,-0.02034581,0.03181137,0.9992841
0.008386288,-0.02255403,0.03017182,0.9992549
-0.01283067,-0.02184332,0.0357806,0.9990385
-0.03263817,-0.006656138,0.04136792,0.9985886
-0.04731806,-0.0004440295,0.04540908,0.9978471
-0.05815735,0.004309994,0.04840517,0.9971238
-0.06454435,0.007175563,0.05017527,0.9966267
-0.04457986,-0.001641386,0.04462178,0.9980075
-0.01722683,-0.01288294,0.03715317,0.9990781
-0.01888284,-0.01223018,0.03760201,0.9990395
-0.04407059,-0.001841006,0.0445133,0.9980345
-0.04362721,-0.002031418,0.04439005,0.9980592
-0.0445466,-0.001633358,0.04465143,0.9980075
-0.01356526,-0.01432877,0.03613395,0.9991521
0.02195679,-0.02731491,0.02649423,0.9990345
0.02504558,-0.02836177,0.02566079,0.9989544
0.01684879,-0.02556085,0.02785188,0.9991431
-0.03802354,-0.004410867,0.04284128,0.9983483
-0.08894045,0.01853543,0.05696437,0.9942339
-0.1222549,0.03502716,0.06631415,0.9896612
-0.1190866,0.03340434,0.06540933,0.9901637
-0.1103784,0.02902253,0.06296493,0.9914684
-0.1167631,0.03222945,0.06475756,0.9905222
-0.1214996,0.03463022,0.06608751,0.9897833
-0.1218158,0.03478755,0.0661721,0.9897332
-0.1105963,0.02914095,0.06303796,0.9914361
-0.07797404,0.01334969,0.05390711,0.9954074
-0.05119062,0.001240259,0.04648097,0.9976059
-0.02210395,-0.01095442,0.03846763,0.9989552
0.007612219,-0.0222779,0.03037449,0.9992613
0.02295532,-0.02765485,0.02622459,0.9990098
0.0291201,-0.02972191,0.02456327,0.9988319
0.01905013,-0.02632003,0.02727223,0.9990999
0.005956579,-0.02167684,0.03082704,0.9992719
-0.0003994337,-0.01933955,0.03255324,0.9992828
-0.02314295,-0.0105338,0.03875919,0.998925
-0.04910217,0.0003263637,0.04589776,0.9977385
-0.06265874,0.006325344,0.04965357,0.996779
-0.06566632,0.007683701,0.05048652,0.9965339
-0.06659485,0.00810522,0.05074411,0.9964559
-0.06251056,0.00625844,0.04961182,0.9967908
-0.05448964,0.002686447,0.04739102,0.9973854
-0.04089987,-0.003192781,0.04363953,0.9982047
-0.03423662,-0.005993289,0.04180594,0.998521
-0.02172791,-0.01110226,0.03837008,0.9989657
-0.01700042,-0.01297729,0.03708197,0.9990833
-0.0276442,-0.008709432,0.0399956,0.9987794
-0.03635893,-0.005106384,0.04239108,0.9984262
-0.04593073,-0.00104323,0.04502458,0.9979289
-0.06716637,0.008362568,0.05089878,0.9964075
-0.07973811,0.01417533,0.05439832,0.9952295
-0.0254251,-0.00966354,0.03928005,0.998858
0.05865812,-0.03884382,0.01669577,0.9973823
0.03671591,-0.03218925,0.02252153,0.9985533
-0.0391159,-0.003947945,0.04314829,0.9982948
-0.08645513,0.01736301,0.05629048,0.9945126
-0.09124874,0.01964506,0.05761199,0.9939661
-0.07105433,0.01013952,0.05197693,0.9960657
-0.05781108,0.004156215,0.04830954,0.9971493
-0.05659753,0.003617449,0.04797345,0.9972373
-0.05941876,0.004872644,0.04875515,0.9970298
-0.05427971,0.002593017,0.04733157,0.9974
-0.05590515,0.003311072,0.04778204,0.9972866
-0.06567335,0.007687489,0.0504895,0.9965333
-0.06294771,0.006452801,0.04972947,0.9967561
-0.05772128,0.004116561,0.04828525,0.9971558
-0.06268067,0.006334575,0.04965853,0.9967773
-0.07872821,0.01369601,0.0541086,0.9953324
-0.1075148,0.02759694,0.06216268,0.9918743
-0.1298141,0.03889116,0.0684255,0.9884097
-0.1327848,0.04043119,0.06926618,0.9878947
-0.1347648,0.04145935,0.06982432,0.9875445
-0.1340988,0.04111453,0.06963804,0.9876627
-0.1233816,0.03558996,0.06661681,0.9894809
-0.1102436,0.02895517,0.06292707,0.9914879
-0.08558263,0.01692862,0.05601938,0.9946109
-0.06198044,0.006025299,0.04947249,0.9968323
-0.04791195,-0.0001889775,0.04556987,0.9978114
-0.04341638,-0.002120916,0.04433293,0.9980707
-0.04902502,0.0002954497,0.04588035,0.9977432
-0.05613103,0.003424122,0.04786639,0.9972694
-0.0222967,-0.01087584,0.03853193,0.9989494
0.0522165,-0.03698061,0.01836133,0.9977819
0.08841389,-0.04675455,0.008742427,0.9949476
0.05454909,-0.03767349,0.01772316,0.9976427
0.01706454,-0.02562955,0.02781493,0.9991388
-0.01198397,-0.01493892,0.03570995,0.9991787
-0.04509667,-0.001396387,0.04480425,0.9979763
-0.06808202,0.00878189,0.0511555,0.9963287
-0.09754444,0.02269184,0.05937011,0.9931996
-0.1303675,0.03918017,0.06858503,0.9883144
-0.1384201,0.04335674,0.07084601,0.9868845
-0.10241,0.02506227,0.0607176,0.992571
-0.1114567,0.02954881,0.06325198,0.9913139
-0.1306986,0.03935122,0.06867837,0.9882574
-0.0956905,0.02174963,0.05879806,0.993435
-0.05596463,0.003369073,0.04784396,0.9972801
-0.09615286,0.02198147,0.05893788,0.993377
-0.1137962,0.03073466,0.06392421,0.990969
-0.1017544,0.02475428,0.06055242,0.9926564
-0.08312379,0.01574532,0.05530959,0.9948786
-0.07203595,0.01059686,0.05225769,0.9959757
-0.07791489,0.01332207,0.05389065,0.9954133
-0.05968134,0.004985773,0.04882132,0.9970104
-0.05970607,0.005000445,0.04883514,0.9970083
-0.02941652,-0.007992188,0.04048532,0.998715
0.06498115,-0.04065455,0.01495345,0.9969459
-0.007985562,-0.01656494,0.03445849,0.9992369
-0.04858491,4.007039E-05,0.0456556,0.9977751
-0.02747348,-0.008770982,0.03996371,0.9987848
0.005954016,-0.02167624,0.03082697,0.999272
0.03790272,-0.03257095,0.02220709,0.9985036
0.03946861,-0.03306499,0.02179332,0.9984358
-0.0006073478,-0.01927458,0.03258033,0.9992831
-0.02803301,-0.008550772,0.04010233,0.9987656
-0.03897366,-0.004006603,0.04311153,0.9983017
-0.02839828,-0.008405184,0.04019607,0.9987528
-0.009098969,-0.0160511,0.0349238,0.9992196
0.009377429,-0.02291236,0.02989821,0.9992463
0.01556372,-0.02510526,0.02822205,0.9991652
0.01894248,-0.02627903,0.02731168,0.9991019
0.03142774,-0.03048312,0.02393838,0.9987542
0.05372947,-0.03742877,0.01795671,0.9976923
0.08507476,-0.04593756,0.009620855,0.9952686
0.0916305,-0.04752646,0.007891765,0.994627
0.06173335,-0.03974226,0.01581725,0.9971757
0.0147259,-0.02481127,0.02844927,0.9991788
-0.02607744,-0.009346409,0.0395682,0.9988328
-0.05190756,0.001555529,0.04668248,0.9975591
-0.06417321,0.007007267,0.05007171,0.9966572
-0.06775998,0.008635621,0.05106761,0.9963565
-0.04896207,0.0002704603,0.04586659,0.9977469
-0.05269511,0.001897193,0.04689442,0.9975072
-0.05112969,0.001212108,0.04646166,0.9976099
-0.04872903,0.0001670336,0.04579861,0.9977615
-0.007611969,-0.01661034,0.03453795,0.9992363
0.002967501,-0.02059317,0.03161891,0.9992834
0.03168409,-0.03056591,0.02387234,0.9987452
0.05233626,-0.03701619,0.01832929,0.9977749
0.08830795,-0.04672917,0.00876978,0.9949579
0.08890645,-0.04687524,0.008604104,0.9948992
0.06245005,-0.03994497,0.01562817,0.9971259
0.02616911,-0.02873947,0.02535745,0.9989225
0.0005701958,-0.01969688,0.03229624,0.9992841
-0.004048882,-0.01797304,0.03354553,0.9992674
-0.003936687,-0.01801489,0.03351599,0.9992681
-0.008898513,-0.01612843,0.03486806,0.9992221
-0.009200498,-0.01601275,0.03495008,0.9992185
0.001820186,-0.02016223,0.0319495,0.9992845
0.0178603,-0.0259051,0.02760253,0.9991236
0.03959374,-0.03311004,0.02174456,0.9984304
0.09295674,-0.0478419,0.007522706,0.9944915
0.156745,-0.05960327,-0.009235357,0.9857957
0.176718,-0.0619289,-0.01432355,0.9822069
0.1030686,-0.05014148,0.004860873,0.9933978
0.003849231,-0.02092829,0.0313755,0.9992812
-0.07725554,0.01302246,0.05372984,0.9954773
-0.1023101,0.0250336,0.06071595,0.9925823
-0.08130986,0.01491379,0.05483617,0.9950675
-0.05838042,0.004411704,0.04847044,0.9971073
-0.05176149,0.001488815,0.04663718,0.9975688
-0.05407052,0.002501443,0.04727463,0.9974143
-0.05096116,0.001138417,0.04641509,0.9976208
-0.03441035,-0.005923437,0.04184933,0.9985136
-0.006055944,-0.01721571,0.03408751,0.9992522
0.01465163,-0.02478379,0.02847272,0.9991799
0.03533466,-0.03175155,0.02288913,0.9986088
0.06004049,-0.03925975,0.01627778,0.9972908
0.0790429,-0.04441916,0.01120303,0.9958181
0.06359058,-0.040271,0.01530069,0.9970458
0.06779093,-0.04143041,0.01420501,0.9967378
0.04466198,-0.03469512,0.02037396,0.9981917
0.07705259,-0.04389984,0.01175778,0.9959906
0.05239506,-0.03703987,0.01828764,0.9977716
0.03032701,-0.03012081,0.02423679,0.998792
0.0128563,-0.02416683,0.02891602,0.999207
0.03386971,-0.03128058,0.02327604,0.9986654
0.05236469,-0.03703491,0.01828521,0.9977735
0.07674219,-0.04382227,0.01182507,0.9960173
0.0786025,-0.04430519,0.01132474,0.9958566
0.07102095,-0.04230832,0.01334177,0.9964878
0.06893993,-0.0417437,0.01390231,0.99665
0.09115519,-0.04741532,0.008005923,0.994675
0.08220589,-0.04522076,0.01038142,0.9955348
0.05113694,-0.03666916,0.01860898,0.9978447
0.008343934,-0.02253835,0.03018491,0.9992554
-0.02680197,-0.009052534,0.03976458,0.9988085
-0.04416618,-0.001798003,0.04454317,0.9980291
-0.04742147,-0.000400207,0.04543596,0.997841
-0.05465771,0.002760614,0.04743766,0.9973738
-0.06342965,0.006672079,0.04986616,0.9967173
-0.07428644,0.01163556,0.05288232,0.9957658
-0.07208149,0.01061759,0.05227004,0.9959716
-0.06058693,0.00539308,0.049076,0.9969411
-0.04594397,-0.001036639,0.04502999,0.997928
-0.02749822,-0.00876679,0.0399596,0.9987844
-0.01196964,-0.01494976,0.03569513,0.9991792
-0.01255834,-0.01471726,0.03586429,0.9991694
-0.008065454,-0.01644748,0.03464092,0.9992319
-0.009886992,-0.01575779,0.0351194,0.9992099
-0.03709291,-0.004793788,0.04260193,0.9983918
-0.02539079,-0.009628512,0.03937173,0.9988556
-0.0166949,-0.01309846,0.03699696,0.9990901
-0.0007684643,-0.01920189,0.0326542,0.9992819
0.01244984,-0.02400562,0.02907207,0.9992115
0.03820101,-0.03267207,0.02210826,0.998491
0.05644026,-0.03822325,0.01723222,0.9975252
0.03282196,-0.03093842,0.02356051,0.9987043
-0.02081162,-0.01148804,0.03808067,0.9989918
-0.07845324,0.01356121,0.05402467,0.9953604
-0.09289399,0.02043563,0.05806865,0.9937712
-0.08867412,0.01840794,0.05688985,0.9942644
-0.09213264,0.0200686,0.05785614,0.9938619
-0.0921713,0.02008959,0.05786985,0.9938571
-0.1089912,0.02833063,0.06257566,0.9916666
-0.1213711,0.03456672,0.0660535,0.9898036
-0.125638,0.0367987,0.06731834,0.9891052
-0.05929876,0.004726009,0.0485885,0.9970458
-0.03046531,-0.007553952,0.04076978,0.9986755
0.06487256,-0.04059766,0.01506963,0.9969536
0.0661878,-0.04098739,0.01463908,0.9968575
0.04431199,-0.03453493,0.02059886,0.9982081
-0.07124251,0.01023007,0.0520349,0.9960483
-0.0498295,0.0006427844,0.0460983,0.9976931
-0.08677822,0.01749429,0.05634951,0.9944788
-0.1159887,0.03183585,0.06453718,0.9906402
-0.1181611,0.03293637,0.06515035,0.9903073
-0.1201344,0.03393725,0.06570516,0.9899994
-0.121324,0.03454205,0.06603947,0.9898112
-0.1183534,0.03303308,0.06520364,0.9902776
-0.1193424,0.0335351,0.06548246,0.9901236
-0.1165078,0.03209961,0.06468478,0.9905612
-0.1028053,0.02526436,0.06083814,0.9925178
-0.1008677,0.02431599,0.06030002,0.9927731
-0.09169014,0.01985532,0.05773233,0.9939143
-0.09163565,0.01982957,0.05771768,0.9939207
-0.0854844,0.01687876,0.05598814,0.994622
-0.08281704,0.01563338,0.05526905,0.9949082
-0.04891796,0.000248967,0.04585084,0.9977497
0.04045079,-0.03342259,0.02131794,0.9983949
0.1223346,-0.05406114,-7.625856E-05,0.9910155
0.0683528,-0.04158138,0.01404815,0.9966953
-0.006069188,-0.01720824,0.03409683,0.999252
-0.04585727,-0.00106436,0.04502284,0.9979323
-0.04234454,-0.00257986,0.04403518,0.9981288
-0.03591495,-0.005292062,0.0422692,0.9984465
-0.02369872,-0.01030877,0.0389139,0.9989083
-0.03642598,-0.005078284,0.04240961,0.9984232
-0.033724,-0.006205968,0.04166581,0.998543
-0.04023265,-0.003474699,0.04345727,0.9982388
-0.05694799,0.003772962,0.04807061,0.9972121
-0.08251721,0.01548003,0.05516913,0.994941
-0.1103398,0.02899981,0.06295041,0.9914743
-0.1130976,0.03038436,0.06372876,0.9910724
-0.1020132,0.02487759,0.06061986,0.9926226
-0.08290354,0.01564258,0.05524911,0.994902
-0.03978801,-0.003655088,0.04334657,0.9982608
-0.01674494,-0.01307546,0.03701763,0.9990887
0.01710884,-0.02564444,0.02780444,0.9991379
0.02916851,-0.02973735,0.02455095,0.9988304
-0.004848885,-0.0176813,0.03374007,0.9992625
-0.04580818,-0.001092996,0.04499572,0.9979358
-0.08200352,0.01524047,0.05502944,0.9949949
-0.0837044,0.01603968,0.05549819,0.9948147
-0.05211213,0.001633395,0.04671977,0.9975465
-0.0243602,-0.01004253,0.03909386,0.9988881
-0.02828884,-0.008446323,0.04017243,0.9987565
-0.04353657,-0.002068314,0.04436823,0.998064
-0.04588144,-0.001059653,0.04501939,0.9979314
-0.02669891,-0.009092111,0.03974234,0.9988118
0.01778723,-0.0258802,0.02762104,0.9991251
0.07731849,-0.04397312,0.01166029,0.995968
0.149406,-0.05858612,-0.007323521,0.9870117
0.1920163,-0.06324239,-0.01833226,0.9791803
0.1831693,-0.06252787,-0.0160513,0.9809595
0.152262,-0.05899572,-0.008067046,0.9865448
0.0871279,-0.04644588,0.009071342,0.9950725
0.04683714,-0.0353603,0.01980081,0.9980801
0.02626078,-0.02877017,0.02533271,0.9989199
0.01918719,-0.02636444,0.02724301,0.9990968
0.02328415,-0.02776667,0.02613542,0.9990014
0.0250286,-0.02835437,0.02566995,0.9989548
0.002975459,-0.02058765,0.03163587,0.999283
-0.01400902,-0.01415545,0.03625487,0.9991441
-0.03848068,-0.004214657,0.04297581,0.9983259
-0.04213653,-0.002663992,0.04398559,0.9981396
-0.02006478,-0.01176412,0.03791879,0.99901
-0.005911964,-0.01726659,0.03405662,0.9992533
-0.0111935,-0.01524383,0.03549558,0.9991909
-0.03940389,-0.003827495,0.04322474,0.9982806
-0.0718095,0.01049089,0.05219245,0.9959965
-0.1139617,0.03082391,0.06397895,0.9909436
-0.1335949,0.04085577,0.06949941,0.9877515
-0.1375621,0.04291749,0.07061362,0.9870403
-0.131644,0.0398403,0.06894461,0.9880937
-0.1195145,0.03362058,0.06552864,0.990097
-0.1051278,0.02641964,0.06150043,0.9922035
-0.08149179,0.01499242,0.05487772,0.9950491
-0.06043627,0.005327201,0.04903647,0.9969525
-0.0515474,0.001395448,0.0465786,0.9975827
-0.04524994,-0.001336941,0.04483565,0.9979681
-0.03067569,-0.00745857,0.04084483,0.9986666
0.01264017,-0.02407556,0.02901404,0.9992091
0.1125432,-0.05214077,0.002369383,0.9922751
0.1849792,-0.06268429,-0.01649855,0.9806024
0.1828078,-0.06249474,-0.01596375,0.9810305
0.1656881,-0.06072804,-0.01151739,0.9842393
0.1231394,-0.05422898,-0.0004624086,0.9909065
0.05888793,-0.03893007,0.01659468,0.9973672
0.02572139,-0.02859,0.02547664,0.9989354
0.01200175,-0.02384908,0.02918696,0.9992173
-0.0338528,-0.006142934,0.04171979,0.9985368
-0.03401835,-0.006086882,0.04174089,0.9985306
-0.02843744,-0.008385145,0.04021377,0.9987512
-0.03311666,-0.006458556,0.04149821,0.9985686
-0.02841509,-0.008394505,0.04020736,0.9987519
-0.02779816,-0.00864676,0.04003763,0.998774
-0.0263207,-0.009248102,0.0396326,0.9988248
-0.02669844,-0.009094735,0.03973622,0.998812
-0.0210763,-0.01136069,0.03819562,0.9989834
-0.01991284,-0.01182462,0.03787716,0.999014
-0.02676561,-0.009066968,0.03975526,0.9988097
-0.01638084,-0.01322205,0.03691111,0.9990968
-0.01650053,-0.01317517,0.03694341,0.9990943
-0.02293016,-0.01061809,0.03870312,0.9989312
-0.02639276,-0.009218877,0.0396524,0.9988223
-0.02719209,-0.008893761,0.03987157,0.9987951
-0.0131449,-0.0144887,0.03602555,0.9991593
-0.005039633,-0.01759701,0.03381921,0.9992604
-0.01673342,-0.01308175,0.03701008,0.9990892
-0.04171988,-0.002844357,0.04386548,0.9981619
-0.06761616,0.008575185,0.05103537,0.9963683
-0.06020777,0.005223733,0.0489713,0.9969702
-0.06846618,0.008954417,0.05125858,0.9962956
-0.08314413,0.0157789,0.05534738,0.9948742
-0.0912779,0.01965761,0.0576179,0.9939628
-0.08982552,0.01895948,0.05721147,0.9941322
-0.08938494,0.01874847,0.05708848,0.9941829
-0.09044795,0.01925817,0.05738532,0.9940599
-0.09391184,0.02092744,0.0583533,0.9936485
-0.09212626,0.02006491,0.05785369,0.9938627
-0.0782952,0.01349807,0.05399422,0.9953755
-0.07194433,0.0105531,0.05222986,0.9959843
-0.0729552,0.01101916,0.05251081,0.9958909
-0.07307604,0.01107478,0.05254433,0.9958797
-0.07302346,0.01105089,0.05253032,0.9958845
-0.07997694,0.01428738,0.05446483,0.995205
-0.09097421,0.01951141,0.057533,0.9939985
-0.0899535,0.0190334,0.05726557,0.994116
-0.0461042,-0.0009785951,0.04506018,0.9979193
0.01040186,-0.02327912,0.0296205,0.9992359
0.03180451,-0.03060422,0.02384297,0.9987409
0.0111227,-0.02353832,0.02942004,0.999228
-0.01316908,-0.01448061,0.03602965,0.999159
-0.02118355,-0.01131786,0.03822498,0.9989805
0.002755532,-0.02050738,0.03169362,0.9992834
0.02248409,-0.02749373,0.02635395,0.9990216
0.02606648,-0.02870297,0.02539062,0.9989254
0.003180346,-0.02066291,0.03158017,0.9992825
-0.0330393,-0.00649367,0.0414725,0.9985721
-0.06455275,0.0071868,0.0501889,0.9966255
-0.09431142,0.02111056,0.05845187,0.9936011
-0.09485732,0.02138506,0.05861746,0.9935335
-0.09242219,0.0202048,0.05793262,0.9938278
-0.1127033,0.03018393,0.06361499,0.9911307
-0.125907,0.03688998,0.06733576,0.9890664
-0.1023064,0.02502172,0.06070199,0.9925838
-0.0842004,0.01628241,0.05564683,0.9947605
-0.09441777,0.02116161,0.05848122,0.9935882
-0.1072658,0.02747511,0.06209488,0.991909
-0.09532475,0.02161159,0.05874813,0.9934762
-0.05597978,0.003352042,0.04781407,0.9972807
-0.04746718,-0.000377832,0.04545287,0.9978381
-0.05631027,0.003492025,0.04789672,0.9972577
-0.07647822,0.01265215,0.05349077,0.995555
-0.06521113,0.007469499,0.05034883,0.9965725
-0.084876,0.01661234,0.05584785,0.9946864
-0.1112544,0.02944628,0.06319305,0.9913436
-0.1417484,0.04510944,0.07179417,0.9862648
-0.1602292,0.05493878,0.0770202,0.9825356
-0.1640417,0.05698999,0.07809583,0.9817044
-0.1614836,0.05561104,0.07737246,0.9822646
-0.1504137,0.049688,0.07424128,0.9845787
-0.1301222,0.03906164,0.06852489,0.9883555
-0.1170397,0.03233293,0.06479376,0.9904838
-0.08565096,0.01697556,0.05605824,0.9946021
-0.05306555,0.002059663,0.0469967,0.9974824
-0.05844278,0.004436775,0.04848379,0.9971029
-0.0603837,0.005303825,0.04902227,0.9969566
-0.04905676,0.000309763,0.04588986,0.9977412
-0.03213051,-0.006866883,0.04122726,0.9986094
-0.03505782,-0.005656713,0.04202208,0.9984853
-0.05745597,0.004000259,0.0482143,0.9971751
-0.05748308,0.004013178,0.04822281,0.997173
-0.07679855,0.01280129,0.05357991,0.9955236
-0.07300181,0.01103257,0.05251258,0.9958872
-0.08998753,0.01904092,0.05726174,0.9941131
-0.08174964,0.01512185,0.05496019,0.9950215
-0.06500252,0.007382918,0.05030239,0.9965891
-0.03832863,-0.004277026,0.04294021,0.998333
0.02472818,-0.02829973,0.02561937,0.9989651
0.08861108,-0.04679094,0.008739565,0.9949283
0.01660189,-0.02546814,0.02794128,0.9991472
0.130234,-0.05551138,-0.002281741,0.9899254
0.04020577,-0.03329296,0.0216347,0.9984022
0.02393729,-0.02798383,0.02597043,0.9989842
-0.004988296,-0.01761781,0.03380233,0.9992608
-0.008898159,-0.01613047,0.03486401,0.9992223
0.002922544,-0.02056554,0.0316564,0.999283
0.01742502,-0.02574754,0.02774099,0.9991316
0.07341298,-0.04294697,0.01270958,0.9962954
0.07738152,-0.04398793,0.01165529,0.9959625
0.03682987,-0.03223639,0.02246629,0.9985488
-0.02067636,-0.01152439,0.03807708,0.9989944
-0.06877474,0.00909884,0.05134941,0.9962683
-0.09419423,0.02106551,0.05843441,0.9936141
-0.1099213,0.02879552,0.06283802,0.991534
-0.1198989,0.03381719,0.06563844,0.9900365
-0.1243236,0.03607291,0.0668834,0.9893275
-0.1172643,0.03248311,0.064899,0.9904454
-0.1009017,0.02432748,0.06030327,0.9927692
-0.07756247,0.01315546,0.05378972,0.9954485
-0.06397883,0.00691995,0.05001842,0.9966729
-0.04599343,-0.001013072,0.04504712,0.997925
-0.04998555,0.0007130469,0.04614546,0.997683
-0.04822203,-5.145604E-05,0.04566062,0.9977925
-0.06224159,0.006137125,0.0495368,0.9968122
-0.07130981,0.01026164,0.05205445,0.9960421
-0.07149576,0.0103466,0.05210522,0.9960253
-0.07019959,0.009751301,0.05174514,0.9961423
-0.07312401,0.01109698,0.05255779,0.9958752
-0.08522204,0.0167617,0.05592506,0.99465
-0.09379806,0.02087341,0.05832276,0.9936623
-0.0957847,0.0218346,0.05887656,0.9934194
-0.09486215,0.0213874,0.05861878,0.9935329
-0.08571753,0.01699927,0.05606615,0.9945955
-0.07288773,0.01098304,0.05248516,0.9958976
-0.06233833,0.006181806,0.04956533,0.9968044
-0.05302607,0.002042363,0.04698579,0.997485
-0.04204384,-0.002705574,0.04395622,0.9981447
-0.03972327,-0.003690724,0.04331649,0.9982646
-0.02496061,-0.009798988,0.03926071,0.9988691
-0.002180816,-0.01867455,0.03303795,0.9992773
0.02503142,-0.02835275,0.02567658,0.9989545
0.04906234,-0.0360481,0.01915914,0.9979612
0.05209685,-0.03694353,0.01839721,0.9977888
0.01599753,-0.02525682,0.02810508,0.9991578
0.014613,-0.02477064,0.02848206,0.9991805
0.003799519,-0.02089116,0.03140773,0.9992811
-0.03407252,-0.006062747,0.04175751,0.9985282
-0.0738748,0.01144406,0.05276656,0.9958048
-0.09400051,0.0209729,0.05838147,0.9936376
-0.09556063,0.02172598,0.05881403,0.993447
-0.08688226,0.01755226,0.05638942,0.9944665
-0.0804964,0.01453128,0.0546095,0.9951517
-0.09217717,0.02008753,0.05786552,0.9938568
-0.1032934,0.02550923,0.06098045,0.9924521
-0.1038314,0.02577313,0.06112949,0.99238
-0.09908136,0.02344057,0.05979909,0.9930043
-0.09974597,0.02378103,0.06001657,0.9929166
-0.01115757,-0.01539182,0.0352533,0.9991975
0.1321376,-0.05584067,-0.00290342,0.9896531
0.1571144,-0.05965791,-0.009288424,0.985733
0.1250071,-0.0545745,-0.0009232559,0.9906533
0.07319643,-0.04289351,0.01275226,0.9963131
0.05262638,-0.03710125,0.01825661,0.9977579
0.05416339,-0.0375567,0.01784069,0.9976661
0.08485921,-0.04588528,0.009669883,0.9952888
0.09520862,-0.04836791,0.006933387,0.9942574
0.07855201,-0.04429109,0.01134425,0.995861
0.0674161,-0.04132761,0.01430488,0.9967661
0.06388487,-0.04034786,0.01524979,0.9970247
0.08841464,-0.04676234,0.008690892,0.9949476
0.1010599,-0.04969704,0.005393149,0.9936237
0.09302118,-0.047857,0.007512617,0.994485
0.0587344,-0.03888914,0.0166121,0.9973775
0.01974986,-0.02655871,0.02709125,0.9990849
-0.009551826,-0.01587896,0.03504367,0.999214
-0.02648805,-0.009180116,0.03967844,0.9988191
-0.03506608,-0.005645775,0.04203678,0.9984846
-0.06217767,0.006120096,0.04953104,0.9968165
-0.1259048,0.03683113,0.06726876,0.9890736
-0.1579516,0.05371236,0.07637234,0.9830227
-0.1224507,0.03509896,0.06633586,0.989633
-0.08041339,0.01449838,0.05459313,0.9951598
-0.0743525,0.01166755,0.05290262,0.9957594
-0.08900354,0.01856568,0.05698201,0.9942268
-0.07606031,0.0124558,0.05337175,0.9955959
-0.05350203,0.002248528,0.04711278,0.9974532
-0.03827139,-0.004302155,0.04291898,0.998336
-0.02095366,-0.01140968,0.0381621,0.9989867
-0.004145321,-0.01793495,0.03357539,0.9992667
0.003778389,-0.02086906,0.03145348,0.9992802
0.05368887,-0.03742428,0.0179638,0.9976946
0.1401804,-0.05718674,-0.004874293,0.988461
0.1483092,-0.05843066,-0.007006192,0.9871885
0.09007747,-0.0471658,0.00823599,0.9947832
0.04317641,-0.03423173,0.02078816,0.9982644
0.05902136,-0.03896954,0.01654292,0.9973586
0.1097849,-0.05158014,0.003062628,0.9926113
0.1191946,-0.05347851,0.0005203993,0.9914295
0.07778516,-0.04409168,0.01155987,0.9959276
0.06455997,-0.04053723,0.01506568,0.9969763
0.04715977,-0.0354578,0.01971632,0.9980631
0.03317061,-0.03105153,0.02347035,0.9986914
0.01928453,-0.02639853,0.02721532,0.9990948
0.01240398,-0.02399183,0.02907791,0.9992123
-0.04470467,-0.001557907,0.04471009,0.997998
-0.06280397,0.00639558,0.04970115,0.996767
-0.07611144,0.0124795,0.05338571,0.9955909
-0.08998535,0.01903621,0.05725612,0.9941137
-0.09941178,0.02359927,0.0598879,0.9929622
-0.1121007,0.02988574,0.06345039,0.9912186
-0.1167041,0.03220036,0.06474199,0.990531
-0.1066324,0.02715827,0.06191425,0.9919972
-0.08304938,0.01572943,0.05531559,0.9948847
-0.03412955,-0.006050233,0.04175699,0.9985264
0.02641706,-0.02882952,0.0252704,0.9989156
0.06286961,-0.04006369,0.01551627,0.9970966
0.08529266,-0.04599211,0.009560257,0.995248
0.07033371,-0.042122,0.01352965,0.9965419
0.05636422,-0.03820168,0.01725014,0.99753
0.05821907,-0.0387386,0.01675713,0.9974112
0.06287152,-0.04006344,0.01551877,0.9970964
0.04816946,-0.03576577,0.01943932,0.9980093
0.0057261,-0.02160136,0.03086972,0.9992735
-0.01222027,-0.01484727,0.03577444,0.9991749
-0.01101145,-0.01531543,0.03544405,0.9991936
-0.02052487,-0.01158096,0.0380443,0.998998
-0.03142166,-0.007159792,0.04103234,0.9986379
-0.04193795,-0.002751641,0.04392556,0.9981504
-0.02888989,-0.008200774,0.04033675,0.9987347
-0.02090573,-0.01142659,0.03815341,0.9989879
-0.007692835,-0.01658766,0.03454494,0.9992359
0.02789898,-0.02931713,0.02489104,0.9988707
0.04240492,-0.03399233,0.02098958,0.9983015
0.05247691,-0.03705747,0.01829358,0.9977667
0.04556156,-0.03496922,0.02014283,0.998146
0.03131032,-0.03044385,0.023972,0.9987583
0.02176116,-0.02724781,0.02654798,0.9990392
0.02588342,-0.02864251,0.0254378,0.9989307
0.04128992,-0.03364189,0.02129705,0.9983535
0.08044783,-0.04477669,0.01084164,0.9956936
0.0995393,-0.04935649,0.00579617,0.9937919
0.08852059,-0.04678189,0.008704984,0.9949371
0.05901394,-0.03895925,0.0165696,0.997359
-0.004872659,-0.01766165,0.03377086,0.9992617
-0.05611702,0.003405907,0.04784481,0.9972714
-0.09502886,0.02146634,0.05866431,0.9935126
-0.09075275,0.01939909,0.05746356,0.9940249
-0.07932854,0.01398328,0.05428424,0.9952712
-0.0611585,0.005652606,0.04923942,0.9968967
-0.05245237,0.001791207,0.04682811,0.9975232
-0.04010058,-0.003529214,0.04342382,0.9982454
-0.01394478,-0.01417649,0.03624543,0.999145
0.0461059,-0.03513712,0.01998584,0.9981183
0.09615734,-0.04858393,0.006698295,0.9941572
0.1167969,-0.0530049,0.001252413,0.9917396
0.1004936,-0.04957108,0.005539685,0.9936866
0.06725448,-0.04128394,0.01434628,0.9967781
0.03913801,-0.0329655,0.02186924,0.9984505
0.02296601,-0.0276586,0.02622141,0.9990095
0.01560209,-0.02511848,0.02821208,0.9991645
0.001300042,-0.01996912,0.03209309,0.9992845
0.002328314,-0.02034967,0.03181114,0.9992841
-0.004231957,-0.01790263,0.03359817,0.9992661
-0.01926628,-0.01208158,0.03770025,0.9990302
-0.02014249,-0.01173296,0.03794035,0.9990081
-0.01341958,-0.01438268,0.03609876,0.9991546
-0.008945703,-0.01610925,0.03488329,0.9992215
0.004997528,-0.02132795,0.03108659,0.9992766
0.01106259,-0.02351452,0.02944239,0.9992286
0.02084339,-0.02693664,0.02678835,0.9990607
0.02433543,-0.02812229,0.02585242,0.9989738
0.01769109,-0.02584681,0.027647,0.9991269
0.02054781,-0.02683286,0.02687474,0.9990673
0.02453635,-0.02818991,0.0257988,0.9989684
0.0337493,-0.03123959,0.02331437,0.9986699
0.04273219,-0.03409417,0.02090211,0.9982859
0.02619601,-0.02875016,0.02534537,0.9989218
0.001779034,-0.02014525,0.03196481,0.9992844
-0.02130378,-0.01126382,0.03826815,0.9989769
-0.06282932,0.006401489,0.04969972,0.9967656
-0.08896101,0.01854599,0.05697124,0.9942315
-0.1021646,0.02495535,0.06066625,0.9926022
-0.09451882,0.0212207,0.05852244,0.9935749
-0.07993327,0.0142668,0.0544527,0.9952095
-0.06643335,0.00803066,0.05069769,0.9964697
-0.04512875,-0.001390294,0.04479985,0.9979752
-0.03076704,-0.007429139,0.04085346,0.9986637
-0.02587349,-0.009429635,0.03950996,0.9988396
-0.01778159,-0.01266936,0.03729491,0.9990658
-0.008813641,-0.01616056,0.03484611,0.9992232
0.01126827,-0.02358871,0.02938473,0.9992262
0.035554,-0.03182213,0.02283012,0.9986
0.04107098,-0.03357478,0.02134876,0.9983638
0.03046153,-0.03016051,0.02421191,0.9987874
-0.008219353,-0.0164021,0.03465353,0.999231
-0.0196591,-0.01192554,0.03780775,0.9990205
-0.03426731,-0.005978254,0.04181839,0.9985195
-0.04703672,-0.0005753092,0.04531549,0.9978645
-0.05421833,0.002568677,0.0473188,0.997404
-0.03768435,-0.004551019,0.04275424,0.9983643
-0.03395085,-0.006114895,0.04172257,0.9985335
-0.03840474,-0.004249897,0.0429493,0.9983298
-0.01219392,-0.01486051,0.03576117,0.9991755
0.0001886584,-0.01955813,0.03239335,0.9992838
0.00148009,-0.02003656,0.0320421,0.9992846
0.001471666,-0.02063468,0.03152097,0.999289
0.005025042,-0.02133648,0.03108278,0.9992764
0.02358168,-0.02786736,0.02605552,0.9989938
0.03842035,-0.03273953,0.02205588,0.9984816
0.04213196,-0.03390995,0.02105359,0.9983144
0.03054165,-0.03018932,0.02418505,0.9987847
0.008211179,-0.02249309,0.03021452,0.9992566
-0.006459672,-0.01706101,0.03420057,0.9992485
-0.02616787,-0.009309934,0.03959117,0.9988298
-0.04208561,-0.002687697,0.04396779,0.9981424
-0.061336,0.005730435,0.04928578,0.9968831
-0.0879872,0.01808197,0.05670156,0.9943421
-0.0946408,0.02128049,0.05855745,0.99356
-0.0875193,0.0178578,0.05656976,0.994395
-0.0727801,0.01093832,0.05246215,0.9959072
-0.0638979,0.006884127,0.04999708,0.9966794
-0.05962033,0.004961549,0.04880941,0.9970148
-0.04987046,0.0006625213,0.04611314,0.9976904
-0.04994631,0.0006960105,0.04613477,0.9976856
-0.04372675,-0.001990686,0.04441436,0.9980538
-0.05726974,0.003916993,0.04816178,0.9971886
-0.05534137,0.00306196,0.04762628,0.9973263
-0.04842953,3.721914E-05,0.04571591,0.9977798
-0.05229712,0.001721648,0.04678268,0.9975336
-0.06429483,0.007062823,0.05010616,0.9966472
-0.07423145,0.01160862,0.05286507,0.9957712
-0.07241208,0.01076857,0.05235985,0.9959413
-0.07406284,0.011531,0.05281864,0.9957871
-0.08895739,0.01854226,0.05696722,0.9942321
-0.1129689,0.03031446,0.06368627,0.9910919
-0.1053179,0.02650725,0.06154577,0.9921782
-0.08484925,0.01658085,0.05581566,0.994691
-0.05288064,0.001977675,0.04694412,0.9974948
-0.02662673,-0.009121804,0.03972051,0.9988143
0.003216027,-0.02067601,0.03157049,0.9992825
0.0260737,-0.02870785,0.02538172,0.9989253
0.04753712,-0.0355724,0.01961608,0.9980432
0.06582713,-0.04089001,0.01472509,0.9968842
0.06641186,-0.04105112,0.01457229,0.996841
0.07272071,-0.04276255,0.01289473,0.9963517
0.07907919,-0.04442547,0.0112157,0.9958147
0.1153469,-0.05271833,0.001629417,0.991924
0.1703564,-0.06125899,-0.01272947,0.9833941
0.1904975,-0.06312875,-0.01794594,0.9794914
0.19809,-0.06365571,-0.0199024,0.9779122
0.1779276,-0.06204473,-0.01465719,0.9819763
0.1023569,-0.04998503,0.005048517,0.9934783
0.02129165,-0.02710095,0.02665228,0.9990504
-0.05432216,0.002605296,0.04734252,0.9973971
-0.08388944,0.01613756,0.05556438,0.9947938
-0.07403492,0.01151811,0.0528111,0.9957897
-0.05632953,0.003501472,0.04790346,0.9972563
-0.06518158,0.007460707,0.05034724,0.9965746
-0.07393769,0.01147474,0.05278626,0.9957987
-0.06156744,0.005834222,0.04934995,0.9968651
-0.06008703,0.005171329,0.04894017,0.9969793
-0.0639725,0.006919945,0.05002069,0.9966732
-0.08575213,0.0170259,0.0560877,0.9945908
-0.1333635,0.04073128,0.06942931,0.9877929
-0.1723858,0.06153326,0.08047608,0.9798063
-0.1664315,0.05828165,0.07877242,0.9811721
-0.1329141,0.0405025,0.06930888,0.9878712
-0.08403216,0.01619881,0.05559502,0.9947791
-0.03845886,-0.004230867,0.04295536,0.9983275
5.108013E-05,-0.0195004,0.03244365,0.9992834
0.0129742,-0.02419363,0.02892373,0.9992046
0.012293,-0.0239524,0.02910805,0.9992136
0.01398111,-0.02454916,0.02865118,0.9991902
0.03226002,-0.03075667,0.02371052,0.9987247
0.05826322,-0.03875148,0.01674519,0.9974083
0.08248687,-0.0452928,0.01030095,0.9955091
0.09591828,-0.04853159,0.006749505,0.9941825
0.08294839,-0.04540913,0.01017561,0.9954668
0.06192761,-0.03979874,0.01576371,0.9971622
0.0587337,-0.03888682,0.01661972,0.9973775
0.07102922,-0.04230977,0.01334509,0.9964871
0.1062482,-0.05083393,0.003993857,0.9930313
0.1475228,-0.05831621,-0.006787792,0.9873146
0.1783865,-0.06208671,-0.01481219,0.9818881
0.1959358,-0.06351586,-0.01934944,0.9783662
0.1767606,-0.06192852,-0.01437403,0.9821985
0.1218987,-0.05399061,-0.0001060055,0.991073
0.05716827,-0.0384348,0.01703781,0.9974789
0.007350725,-0.02218484,0.03044539,0.9992632
-0.03107553,-0.007298936,0.0409454,0.9986513
-0.05081674,0.001074753,0.04637421,0.9976301
-0.05497752,0.002901226,0.04752539,0.9973517
-0.06242359,0.006219198,0.04958761,0.9967977
-0.0623869,0.00620587,0.04958184,0.9968003
-0.08741792,0.01780186,0.05653098,0.9944071
-0.1103174,0.02899199,0.06294778,0.9914773
-0.1123697,0.03001878,0.06352367,0.9911794
-0.1114451,0.02955685,0.06326537,0.9913142
-0.1033324,0.02552502,0.06098706,0.9924472
-0.09603973,0.02195861,0.0589481,0.9933878
-0.07764525,0.01319678,0.05381695,0.99544
-0.04272918,-0.002425251,0.04412683,0.9981087
0.005667501,-0.02157934,0.03088704,0.9992738
0.02151974,-0.02716585,0.02661225,0.9990448
0.1200427,-0.05362959,0.0003561187,0.9913191
0.1764477,-0.06190307,-0.01424167,0.9822583
0.134017,-0.05616944,-0.003286772,0.9893805
0.09370264,-0.04801695,0.007332549,0.9944146
0.06491627,-0.0406359,0.01497396,0.9969506
0.03991853,-0.03321096,0.02166121,0.9984159
0.005699465,-0.0215797,0.03090279,0.9992732
-0.04316989,-0.002226213,0.04426506,0.9980842
-0.05285759,0.0019683,0.04693902,0.9974964
-0.04190836,-0.002762818,0.04391959,0.9981518
-0.02635148,-0.009237662,0.03963743,0.9988238
-0.01627866,-0.01326226,0.03688319,0.999099
-0.004977269,-0.01762591,0.03379094,0.9992611
0.0283103,-0.02945747,0.02476882,0.998858
0.03697969,-0.03227115,0.02246991,0.998542
-0.01028839,-0.01559416,0.03524723,0.999204